(9, 6, 13, 0, 11, 2, 15, 4, 3, 10, 7, 8, 1, 12, 5, 14): [8, 13, 15, 15, 44, 44]
(1, 12, 9, 0, 5, 2, 15, 4, 11, 6, 3, 8, 7, 10, 13, 14): [9, 13, 16, 16, 44, 44]
(1, 12, 11, 0, 9, 2, 7, 4, 15, 6, 5, 8, 3, 10, 13, 14): [9, 13, 17, 17, 44, 44]
(1, 10, 11, 0, 9, 2, 13, 4, 5, 6, 15, 8, 7, 14, 3, 12): [9, 13, 17, 17, 44, 44]
(1, 14, 7, 0, 15, 2, 13, 4, 5, 6, 11, 8, 3, 10, 9, 12): [9, 13, 17, 17, 43, 44]
(1, 14, 13, 0, 9, 2, 3, 4, 15, 6, 11, 8, 7, 10, 5, 12): [9, 13, 17, 17, 44, 43]
(1, 6, 9, 0, 13, 2, 3, 4, 7, 12, 5, 8, 15, 10, 11, 14): [9, 13, 17, 17, 43, 43]
(5, 10, 9, 0, 1, 2, 13, 4, 3, 6, 15, 8, 11, 12, 7, 14): [9, 13, 17, 17, 43, 43]
(7, 4, 11, 0, 15, 2, 3, 8, 13, 6, 9, 12, 1, 10, 5, 14): [9, 13, 17, 17, 43, 43]
(1, 10, 7, 0, 13, 2, 11, 4, 5, 6, 3, 8, 9, 14, 15, 12): [9, 13, 17, 17, 43, 43]
(3, 10, 11, 0, 13, 2, 9, 4, 15, 6, 7, 8, 1, 14, 5, 12): [9, 13, 17, 17, 43, 43]
(7, 4, 11, 0, 13, 2, 3, 10, 1, 6, 15, 8, 9, 14, 5, 12): [9, 13, 17, 17, 43, 43]
(7, 8, 9, 0, 11, 2, 15, 4, 13, 6, 3, 14, 1, 10, 5, 12): [9, 14, 17, 17, 43, 43]
(1, 14, 7, 0, 15, 2, 13, 4, 3, 6, 11, 8, 5, 10, 9, 12): [9, 14, 17, 17, 43, 43]
(7, 8, 11, 0, 1, 2, 15, 4, 13, 6, 9, 12, 3, 10, 5, 14): [9, 14, 17, 17, 43, 43]
(5, 8, 9, 0, 11, 2, 1, 4, 13, 6, 7, 14, 3, 10, 15, 12): [9, 14, 17, 17, 43, 43]
(5, 10, 9, 0, 13, 2, 3, 4, 15, 6, 7, 8, 11, 12, 1, 14): [9, 14, 17, 17, 43, 43]
(5, 8, 9, 0, 11, 2, 1, 4, 15, 6, 7, 14, 13, 10, 3, 12): [9, 14, 17, 17, 43, 43]
(1, 14, 11, 0, 9, 2, 15, 4, 13, 6, 7, 8, 5, 10, 3, 12): [9, 14, 17, 17, 43, 43]
(1, 4, 7, 0, 11, 2, 5, 8, 13, 6, 15, 12, 3, 10, 9, 14): [9, 13, 16, 16, 42, 43]
(1, 12, 9, 0, 13, 2, 15, 4, 11, 6, 3, 8, 7, 10, 5, 14): [9, 13, 17, 17, 42, 43]
(5, 8, 11, 0, 1, 2, 13, 4, 15, 6, 7, 10, 3, 12, 9, 14): [9, 13, 17, 17, 42, 43]
(1, 10, 13, 0, 7, 2, 11, 4, 3, 6, 15, 8, 9, 14, 5, 12): [9, 13, 17, 17, 42, 43]
(1, 12, 11, 0, 9, 2, 13, 4, 5, 6, 15, 8, 3, 10, 7, 14): [9, 13, 17, 17, 42, 43]
(1, 14, 9, 0, 15, 2, 13, 4, 5, 6, 11, 8, 7, 10, 3, 12): [9, 13, 17, 17, 42, 43]
(3, 6, 9, 0, 1, 2, 11, 4, 7, 10, 13, 8, 5, 14, 15, 12): [9, 14, 17, 17, 42, 43]
(5, 8, 11, 0, 13, 2, 3, 4, 15, 6, 9, 10, 7, 12, 1, 14): [9, 14, 17, 17, 42, 43]
(1, 12, 7, 0, 13, 2, 11, 4, 3, 6, 15, 8, 9, 10, 5, 14): [9, 14, 17, 17, 42, 43]
(1, 14, 7, 0, 13, 2, 9, 4, 3, 6, 15, 8, 5, 10, 11, 12): [9, 14, 17, 17, 42, 43]
(3, 8, 7, 0, 11, 2, 9, 4, 15, 6, 5, 14, 13, 10, 1, 12): [9, 14, 17, 17, 42, 43]
(1, 4, 7, 0, 11, 2, 5, 8, 15, 6, 9, 12, 3, 10, 13, 14): [9, 13, 16, 16, 43, 42]
(3, 8, 7, 0, 15, 2, 9, 4, 11, 6, 1, 12, 5, 10, 13, 14): [9, 13, 17, 17, 43, 42]
(1, 12, 11, 0, 7, 2, 13, 4, 3, 6, 15, 8, 5, 10, 9, 14): [9, 13, 17, 17, 43, 42]
(1, 12, 9, 0, 13, 2, 11, 4, 15, 6, 7, 8, 3, 10, 5, 14): [9, 13, 17, 17, 43, 42]
(5, 8, 11, 0, 1, 2, 13, 4, 15, 6, 9, 10, 7, 12, 3, 14): [9, 13, 17, 17, 43, 42]
(3, 6, 9, 0, 13, 2, 11, 4, 15, 12, 1, 8, 5, 10, 7, 14): [9, 14, 17, 17, 43, 42]
(3, 6, 7, 0, 9, 2, 13, 4, 1, 10, 5, 8, 11, 14, 15, 12): [9, 14, 17, 17, 43, 42]
(5, 8, 9, 0, 11, 2, 13, 4, 15, 6, 7, 10, 3, 12, 1, 14): [9, 14, 17, 17, 43, 42]
(1, 14, 7, 0, 13, 2, 3, 4, 11, 6, 15, 8, 5, 10, 9, 12): [9, 14, 17, 17, 43, 42]
(1, 12, 11, 0, 9, 2, 3, 4, 13, 6, 15, 8, 7, 10, 5, 14): [9, 14, 17, 17, 43, 42]
(5, 6, 9, 0, 13, 2, 11, 4, 1, 10, 15, 8, 7, 12, 3, 14): [9, 14, 17, 17, 43, 42]
(5, 8, 11, 0, 1, 2, 13, 4, 15, 6, 9, 12, 3, 10, 7, 14): [8, 13, 16, 16, 42, 42]
(1, 6, 15, 0, 9, 2, 13, 4, 11, 12, 5, 8, 3, 10, 7, 14): [8, 13, 16, 16, 42, 42]
(1, 10, 13, 0, 7, 2, 11, 4, 3, 6, 15, 8, 5, 14, 9, 12): [9, 13, 16, 16, 42, 42]
(1, 6, 7, 0, 9, 2, 13, 4, 3, 12, 11, 8, 15, 10, 5, 14): [9, 13, 16, 16, 42, 42]
(1, 6, 7, 0, 15, 2, 9, 4, 5, 12, 3, 8, 13, 10, 11, 14): [9, 13, 16, 16, 42, 42]
(1, 10, 7, 0, 13, 2, 9, 4, 15, 6, 5, 8, 3, 14, 11, 12): [9, 13, 16, 16, 42, 42]
(3, 8, 11, 0, 9, 2, 13, 4, 15, 6, 1, 12, 7, 10, 5, 14): [9, 13, 16, 16, 42, 42]
(7, 8, 9, 0, 11, 2, 13, 4, 15, 6, 5, 10, 3, 12, 1, 14): [9, 14, 16, 16, 42, 42]
(5, 8, 11, 0, 9, 2, 13, 4, 15, 6, 7, 10, 3, 12, 1, 14): [9, 13, 17, 17, 42, 42]
(3, 10, 9, 0, 13, 2, 1, 4, 5, 6, 15, 8, 11, 12, 7, 14): [9, 13, 17, 17, 42, 42]
(3, 12, 11, 0, 9, 2, 1, 4, 13, 6, 15, 8, 5, 10, 7, 14): [9, 13, 17, 17, 42, 42]
(1, 4, 7, 0, 13, 2, 15, 10, 5, 6, 11, 8, 9, 14, 3, 12): [9, 13, 17, 17, 42, 42]
(5, 8, 9, 0, 11, 2, 3, 4, 15, 6, 7, 12, 1, 10, 13, 14): [9, 13, 17, 17, 42, 42]
(1, 12, 15, 0, 13, 2, 11, 4, 5, 6, 3, 8, 7, 10, 9, 14): [9, 13, 17, 17, 42, 42]
(1, 6, 9, 0, 15, 2, 13, 4, 11, 12, 7, 8, 3, 10, 5, 14): [9, 13, 17, 17, 42, 42]
(7, 8, 11, 0, 1, 2, 13, 4, 15, 6, 9, 10, 5, 12, 3, 14): [9, 13, 17, 17, 42, 42]
(5, 8, 9, 0, 15, 2, 3, 4, 11, 6, 7, 12, 13, 10, 1, 14): [9, 13, 17, 17, 42, 42]
(5, 8, 9, 0, 11, 2, 3, 4, 15, 6, 1, 12, 13, 10, 7, 14): [9, 13, 17, 17, 42, 42]
(3, 8, 11, 0, 9, 2, 15, 4, 13, 6, 5, 12, 1, 10, 7, 14): [9, 13, 17, 17, 42, 42]
(3, 10, 9, 0, 13, 2, 1, 4, 15, 6, 7, 8, 11, 12, 5, 14): [9, 13, 17, 17, 42, 42]
(3, 4, 7, 0, 13, 2, 1, 10, 11, 6, 15, 8, 5, 14, 9, 12): [9, 13, 17, 17, 42, 42]
(3, 12, 11, 0, 1, 2, 15, 4, 5, 6, 13, 8, 9, 10, 7, 14): [9, 13, 17, 17, 42, 42]
(1, 12, 9, 0, 13, 2, 15, 4, 3, 6, 11, 8, 7, 10, 5, 14): [9, 13, 17, 17, 42, 42]
(1, 10, 7, 0, 11, 2, 13, 4, 3, 6, 15, 8, 9, 14, 5, 12): [9, 13, 17, 17, 42, 42]
(1, 8, 9, 0, 11, 2, 15, 4, 13, 6, 7, 12, 3, 10, 5, 14): [9, 13, 17, 17, 42, 42]
(5, 6, 9, 0, 13, 2, 11, 4, 3, 10, 7, 8, 1, 14, 15, 12): [10, 13, 17, 17, 42, 42]
(1, 4, 13, 0, 7, 2, 15, 10, 3, 6, 11, 8, 5, 14, 9, 12): [10, 13, 17, 17, 42, 42]
(5, 10, 11, 0, 9, 2, 3, 4, 13, 6, 7, 8, 1, 14, 15, 12): [9, 14, 17, 17, 42, 42]
(1, 6, 9, 0, 13, 2, 3, 4, 7, 10, 15, 8, 5, 12, 11, 14): [9, 14, 17, 17, 42, 42]
(1, 8, 9, 0, 11, 2, 7, 4, 15, 6, 3, 14, 13, 10, 5, 12): [9, 14, 17, 17, 42, 42]
(1, 10, 7, 0, 5, 2, 13, 4, 9, 6, 15, 8, 11, 14, 3, 12): [9, 14, 17, 17, 42, 42]
(1, 14, 7, 0, 13, 2, 11, 4, 15, 6, 5, 8, 3, 10, 9, 12): [9, 14, 17, 17, 42, 42]
(5, 6, 9, 0, 13, 2, 15, 4, 3, 12, 1, 8, 7, 10, 11, 14): [9, 14, 17, 17, 42, 42]
(3, 12, 7, 0, 15, 2, 13, 4, 1, 6, 5, 8, 9, 10, 11, 14): [9, 14, 17, 17, 42, 42]
(3, 12, 9, 0, 11, 2, 15, 4, 5, 6, 1, 8, 7, 10, 13, 14): [9, 14, 17, 17, 42, 42]
(1, 6, 7, 0, 9, 2, 13, 4, 5, 10, 15, 8, 11, 14, 3, 12): [9, 14, 17, 17, 42, 42]
(3, 8, 7, 0, 11, 2, 9, 4, 15, 6, 13, 14, 5, 10, 1, 12): [9, 14, 17, 17, 42, 42]
(1, 8, 9, 0, 5, 2, 11, 4, 15, 6, 3, 14, 13, 10, 7, 12): [9, 14, 17, 17, 42, 42]
(7, 4, 11, 0, 13, 2, 15, 8, 5, 6, 3, 10, 9, 12, 1, 14): [9, 14, 17, 17, 42, 42]
(1, 10, 11, 0, 13, 2, 9, 4, 5, 6, 15, 8, 3, 14, 7, 12): [10, 14, 17, 17, 42, 42]
(1, 6, 13, 0, 15, 2, 9, 4, 3, 10, 11, 8, 7, 12, 5, 14): [10, 14, 17, 17, 42, 42]
(1, 10, 11, 0, 7, 2, 13, 4, 5, 6, 15, 8, 3, 14, 9, 12): [10, 14, 17, 17, 42, 42]
(3, 4, 7, 0, 11, 2, 1, 10, 5, 6, 13, 8, 9, 14, 15, 12): [10, 14, 17, 17, 42, 42]
(5, 8, 9, 0, 11, 2, 3, 4, 13, 6, 15, 10, 7, 12, 1, 14): [9, 15, 17, 17, 42, 42]
(1, 10, 13, 0, 7, 2, 11, 4, 15, 6, 3, 8, 5, 14, 9, 12): [10, 14, 17, 17, 44, 41]
(1, 4, 7, 0, 13, 2, 15, 10, 11, 6, 3, 8, 5, 14, 9, 12): [9, 13, 17, 17, 43, 41]
(1, 12, 11, 0, 9, 2, 13, 4, 15, 6, 7, 8, 3, 10, 5, 14): [9, 13, 17, 17, 43, 41]
(1, 4, 15, 0, 7, 2, 5, 8, 11, 6, 3, 12, 9, 10, 13, 14): [9, 13, 17, 17, 43, 41]
(1, 14, 9, 0, 15, 2, 13, 4, 3, 6, 7, 8, 5, 10, 11, 12): [9, 14, 17, 17, 43, 41]
(7, 4, 11, 0, 9, 2, 5, 10, 3, 6, 13, 8, 1, 14, 15, 12): [9, 14, 17, 17, 43, 41]
(1, 10, 13, 0, 15, 2, 11, 4, 5, 6, 3, 8, 9, 12, 7, 14): [9, 14, 16, 17, 42, 41]
(1, 14, 11, 0, 7, 2, 15, 4, 13, 6, 5, 8, 9, 10, 3, 12): [9, 14, 16, 17, 42, 41]
(5, 6, 9, 0, 13, 2, 15, 4, 1, 10, 11, 8, 7, 12, 3, 14): [9, 13, 17, 17, 42, 41]
(1, 4, 13, 0, 7, 2, 15, 10, 11, 6, 3, 8, 5, 14, 9, 12): [9, 13, 17, 17, 42, 41]
(3, 8, 7, 0, 15, 2, 11, 4, 5, 6, 1, 12, 13, 10, 9, 14): [10, 13, 17, 17, 42, 41]
(1, 8, 7, 0, 11, 2, 15, 4, 5, 6, 9, 12, 3, 10, 13, 14): [9, 14, 17, 17, 42, 41]
(1, 8, 11, 0, 7, 2, 3, 4, 13, 6, 5, 14, 15, 10, 9, 12): [9, 14, 17, 17, 42, 41]
(1, 14, 9, 0, 13, 2, 11, 4, 5, 6, 15, 8, 7, 10, 3, 12): [9, 14, 17, 17, 42, 41]
(1, 12, 15, 0, 9, 2, 3, 4, 11, 6, 5, 8, 7, 10, 13, 14): [9, 14, 17, 17, 42, 41]
(3, 12, 9, 0, 15, 2, 11, 4, 5, 6, 1, 8, 7, 10, 13, 14): [9, 14, 17, 17, 42, 41]
(5, 6, 9, 0, 13, 2, 15, 4, 3, 10, 1, 8, 11, 12, 7, 14): [9, 14, 17, 17, 42, 41]
(1, 6, 9, 0, 13, 2, 11, 4, 5, 12, 3, 8, 15, 10, 7, 14): [9, 14, 17, 17, 42, 41]
(1, 6, 15, 0, 9, 2, 11, 4, 3, 12, 7, 8, 5, 10, 13, 14): [9, 14, 17, 17, 42, 41]
(1, 4, 7, 0, 13, 2, 15, 10, 11, 6, 5, 8, 3, 14, 9, 12): [9, 14, 17, 17, 42, 41]
(1, 8, 7, 0, 11, 2, 9, 4, 15, 6, 3, 14, 13, 10, 5, 12): [9, 13, 17, 16, 44, 40]
(1, 6, 9, 0, 7, 2, 11, 4, 15, 12, 5, 8, 3, 10, 13, 14): [9, 13, 17, 17, 44, 40]
(3, 8, 7, 0, 11, 2, 9, 4, 15, 6, 5, 12, 1, 10, 13, 14): [9, 13, 17, 17, 44, 40]
(3, 8, 7, 0, 11, 2, 9, 4, 15, 6, 1, 12, 5, 10, 13, 14): [9, 13, 17, 17, 44, 40]
(1, 14, 7, 0, 11, 2, 3, 4, 13, 6, 5, 8, 15, 10, 9, 12): [9, 14, 17, 17, 44, 40]
(3, 8, 7, 0, 15, 2, 9, 4, 11, 6, 5, 12, 1, 10, 13, 14): [9, 14, 17, 17, 44, 40]
(3, 6, 15, 0, 9, 2, 13, 4, 5, 12, 11, 8, 1, 10, 7, 14): [9, 13, 17, 16, 43, 40]
(1, 6, 7, 0, 9, 2, 15, 4, 11, 14, 5, 8, 13, 10, 3, 12): [9, 13, 17, 16, 43, 40]
(5, 12, 9, 0, 13, 2, 11, 4, 1, 6, 15, 8, 7, 10, 3, 14): [9, 13, 17, 17, 43, 40]
(1, 8, 7, 0, 11, 2, 9, 4, 13, 6, 3, 12, 15, 10, 5, 14): [9, 13, 17, 17, 43, 40]
(1, 8, 15, 0, 11, 2, 9, 4, 5, 6, 7, 12, 3, 10, 13, 14): [9, 13, 17, 17, 43, 40]
(3, 12, 13, 0, 9, 2, 1, 4, 11, 6, 15, 8, 7, 10, 5, 14): [9, 13, 17, 17, 43, 40]
(1, 6, 13, 0, 15, 2, 9, 4, 7, 10, 3, 8, 11, 12, 5, 14): [9, 13, 17, 17, 43, 40]
(1, 6, 9, 0, 13, 2, 3, 4, 11, 12, 15, 8, 7, 10, 5, 14): [9, 13, 17, 17, 43, 40]
(3, 10, 13, 0, 11, 2, 15, 4, 1, 6, 5, 8, 9, 12, 7, 14): [9, 13, 17, 17, 43, 40]
(1, 10, 7, 0, 13, 2, 3, 4, 15, 6, 5, 8, 11, 12, 9, 14): [9, 14, 17, 17, 43, 40]
(1, 6, 9, 0, 7, 2, 13, 4, 3, 14, 15, 8, 5, 10, 11, 12): [9, 14, 17, 17, 43, 40]
(3, 12, 11, 0, 9, 2, 13, 4, 5, 6, 1, 8, 15, 10, 7, 14): [9, 14, 17, 17, 43, 40]
(1, 14, 11, 0, 13, 2, 9, 4, 15, 6, 5, 8, 3, 10, 7, 12): [9, 14, 17, 17, 43, 40]
(1, 10, 7, 0, 13, 2, 11, 4, 15, 6, 5, 8, 9, 14, 3, 12): [9, 14, 17, 17, 43, 40]
(5, 6, 9, 0, 1, 2, 15, 4, 11, 12, 3, 8, 7, 10, 13, 14): [9, 14, 17, 17, 43, 40]
(5, 10, 9, 0, 11, 2, 13, 4, 15, 6, 7, 8, 3, 12, 1, 14): [9, 13, 16, 16, 42, 40]
(1, 6, 15, 0, 9, 2, 3, 4, 11, 12, 7, 8, 5, 10, 13, 14): [9, 13, 17, 17, 42, 40]
(3, 10, 13, 0, 11, 2, 15, 4, 1, 6, 5, 8, 7, 12, 9, 14): [9, 13, 17, 17, 42, 40]
(1, 10, 13, 0, 9, 2, 3, 4, 11, 6, 5, 8, 7, 14, 15, 12): [9, 13, 17, 17, 42, 40]
(1, 12, 11, 0, 7, 2, 13, 4, 15, 6, 5, 8, 3, 10, 9, 14): [9, 13, 17, 17, 42, 40]
(1, 8, 11, 0, 15, 2, 9, 4, 5, 6, 7, 14, 13, 10, 3, 12): [9, 13, 17, 17, 42, 40]
(1, 14, 11, 0, 7, 2, 3, 4, 13, 6, 5, 8, 15, 10, 9, 12): [9, 13, 17, 17, 42, 40]
(1, 12, 9, 0, 7, 2, 15, 4, 13, 6, 5, 8, 3, 10, 11, 14): [9, 13, 17, 17, 42, 40]
(3, 6, 15, 0, 9, 2, 13, 4, 1, 12, 7, 8, 5, 10, 11, 14): [9, 13, 17, 17, 42, 40]
(3, 14, 13, 0, 11, 2, 1, 4, 5, 6, 15, 8, 9, 10, 7, 12): [9, 13, 17, 17, 42, 40]
(1, 8, 11, 0, 15, 2, 9, 4, 5, 6, 13, 14, 3, 10, 7, 12): [9, 13, 17, 17, 42, 40]
(5, 10, 9, 0, 13, 2, 1, 4, 15, 6, 7, 8, 11, 12, 3, 14): [9, 13, 17, 17, 42, 40]
(1, 12, 13, 0, 9, 2, 3, 4, 11, 6, 5, 8, 15, 10, 7, 14): [9, 14, 17, 17, 42, 40]
(5, 6, 7, 0, 9, 2, 13, 4, 15, 12, 11, 8, 1, 10, 3, 14): [9, 14, 17, 17, 42, 40]
(3, 6, 13, 0, 15, 2, 9, 4, 1, 10, 7, 8, 11, 12, 5, 14): [9, 14, 17, 17, 42, 40]
(1, 12, 7, 0, 5, 2, 11, 4, 3, 6, 15, 8, 9, 10, 13, 14): [9, 14, 17, 17, 42, 40]
(1, 8, 9, 0, 5, 2, 11, 4, 15, 6, 13, 14, 3, 10, 7, 12): [9, 14, 17, 17, 42, 40]
(1, 14, 13, 0, 9, 2, 7, 4, 3, 6, 5, 8, 15, 10, 11, 12): [9, 14, 17, 17, 42, 40]
(1, 10, 9, 0, 13, 2, 11, 4, 3, 6, 15, 8, 7, 12, 5, 14): [9, 14, 17, 17, 42, 40]
(3, 4, 15, 0, 7, 2, 1, 8, 11, 6, 9, 12, 5, 10, 13, 14): [9, 14, 17, 17, 42, 40]
(1, 14, 7, 0, 9, 2, 15, 4, 11, 6, 3, 8, 13, 10, 5, 12): [9, 14, 17, 17, 42, 40]
(1, 6, 7, 0, 9, 2, 13, 4, 3, 10, 15, 8, 11, 12, 5, 14): [10, 14, 17, 17, 42, 40]
(1, 6, 9, 0, 7, 2, 13, 4, 3, 10, 11, 8, 5, 14, 15, 12): [10, 14, 17, 17, 42, 40]
(1, 6, 9, 0, 13, 2, 15, 4, 3, 12, 11, 8, 7, 10, 5, 14): [10, 14, 17, 17, 42, 40]
(7, 8, 11, 0, 1, 2, 15, 4, 13, 6, 5, 12, 9, 10, 3, 14): [10, 14, 17, 17, 42, 40]
(3, 12, 11, 0, 1, 2, 15, 4, 13, 6, 7, 8, 5, 10, 9, 14): [10, 13, 17, 17, 44, 39]
(3, 12, 9, 0, 1, 2, 11, 4, 15, 6, 7, 8, 5, 10, 13, 14): [9, 14, 17, 17, 44, 39]
(1, 14, 7, 0, 11, 2, 15, 4, 5, 6, 3, 8, 13, 10, 9, 12): [9, 14, 17, 17, 44, 39]
(3, 10, 11, 0, 13, 2, 15, 4, 1, 6, 7, 8, 5, 12, 9, 14): [9, 13, 17, 17, 43, 39]
(1, 14, 7, 0, 11, 2, 15, 4, 13, 6, 5, 8, 3, 10, 9, 12): [9, 13, 17, 17, 43, 39]
(5, 6, 13, 0, 9, 2, 11, 4, 15, 10, 1, 8, 7, 12, 3, 14): [9, 14, 17, 17, 43, 39]
(1, 12, 13, 0, 11, 2, 7, 4, 15, 6, 3, 8, 9, 10, 5, 14): [9, 14, 17, 17, 43, 39]
(1, 6, 9, 0, 13, 2, 15, 4, 7, 14, 5, 8, 3, 10, 11, 12): [9, 14, 17, 17, 43, 39]
(1, 14, 13, 0, 7, 2, 15, 4, 5, 6, 11, 8, 9, 10, 3, 12): [9, 14, 17, 17, 43, 39]
(5, 10, 11, 0, 13, 2, 15, 4, 3, 6, 7, 8, 1, 12, 9, 14): [10, 14, 17, 17, 43, 39]
(1, 12, 13, 0, 9, 2, 15, 4, 5, 6, 3, 8, 7, 10, 11, 14): [9, 13, 17, 17, 42, 39]
(5, 8, 9, 0, 11, 2, 13, 4, 15, 6, 3, 10, 7, 12, 1, 14): [9, 13, 17, 17, 42, 39]
(1, 10, 9, 0, 13, 2, 15, 4, 5, 6, 3, 8, 11, 12, 7, 14): [9, 13, 17, 17, 42, 39]
(3, 6, 9, 0, 1, 2, 11, 4, 13, 14, 5, 8, 15, 10, 7, 12): [9, 13, 17, 17, 42, 39]
(1, 12, 13, 0, 11, 2, 15, 4, 5, 6, 3, 8, 9, 10, 7, 14): [9, 14, 17, 17, 42, 39]
(1, 8, 7, 0, 11, 2, 9, 4, 5, 6, 3, 14, 13, 10, 15, 12): [9, 14, 17, 17, 42, 39]
(1, 14, 15, 0, 7, 2, 11, 4, 13, 6, 5, 8, 3, 10, 9, 12): [10, 14, 17, 17, 42, 39]
(1, 12, 15, 0, 11, 2, 9, 4, 3, 6, 7, 8, 5, 10, 13, 14): [9, 13, 17, 17, 43, 38]
(3, 6, 7, 0, 9, 2, 13, 4, 11, 12, 15, 8, 1, 10, 5, 14): [9, 13, 17, 17, 42, 38]
(3, 14, 9, 0, 1, 2, 11, 4, 13, 6, 5, 8, 15, 10, 7, 12): [9, 14, 17, 17, 42, 38]
(3, 12, 9, 0, 1, 2, 11, 4, 15, 6, 13, 8, 7, 10, 5, 14): [9, 14, 17, 17, 42, 38]
