(1, 4, 7, 0, 9, 2, 5, 6, 3, 8) : [7, 32]
(1, 2, 5, 0, 3, 6, 9, 4, 7, 8) : [7, 33]
(1, 2, 5, 0, 9, 6, 3, 4, 7, 8) : [7, 32]
(1, 6, 5, 0, 9, 2, 3, 4, 7, 8) : [7, 35]
(1, 6, 7, 0, 9, 2, 3, 4, 5, 8) : [7, 32]
(1, 6, 9, 0, 7, 2, 3, 4, 5, 8) : [7, 35]
(3, 8, 7, 0, 1, 2, 9, 4, 5, 6) : [7, 26]
(1, 2, 5, 0, 9, 6, 7, 4, 3, 8) : [7, 32]
(3, 4, 7, 0, 9, 2, 1, 6, 5, 8) : [7, 34]
(1, 4, 5, 0, 7, 2, 3, 8, 9, 6) : [7, 34]
(1, 6, 7, 0, 5, 2, 9, 4, 3, 8) : [7, 32]
(1, 8, 9, 0, 7, 2, 3, 4, 5, 6) : [7, 31]
(3, 4, 7, 0, 9, 2, 5, 6, 1, 8) : [7, 34]
(1, 4, 7, 0, 9, 2, 3, 6, 5, 8) : [7, 32]
(1, 8, 5, 0, 9, 2, 7, 4, 3, 6) : [7, 34]
(3, 6, 5, 0, 1, 2, 9, 4, 7, 8) : [8, 28]
(5, 4, 7, 0, 9, 2, 1, 8, 3, 6) : [8, 24]
(1, 6, 5, 0, 7, 2, 9, 4, 3, 8) : [8, 21]
(5, 2, 7, 0, 3, 4, 9, 6, 1, 8) : [8, 31]
(3, 6, 5, 0, 7, 2, 9, 4, 1, 8) : [8, 32]
(1, 4, 7, 0, 9, 2, 3, 8, 5, 6) : [8, 19]
(5, 6, 1, 0, 9, 2, 3, 4, 7, 8) : [8, 13]
(3, 6, 1, 0, 7, 2, 9, 4, 5, 8) : [8, 26]
(3, 6, 7, 0, 1, 2, 9, 4, 5, 8) : [8, 31]
(1, 8, 9, 0, 3, 2, 7, 4, 5, 6) : [8, 26]
(3, 4, 5, 0, 7, 2, 9, 6, 1, 8) : [8, 29]
(5, 2, 7, 0, 1, 4, 9, 6, 3, 8) : [8, 32]
(1, 8, 3, 0, 9, 2, 7, 4, 5, 6) : [8, 31]
(3, 2, 5, 0, 1, 6, 9, 4, 7, 8) : [8, 29]
(1, 8, 7, 0, 3, 2, 9, 4, 5, 6) : [8, 13]
(3, 8, 1, 0, 7, 2, 9, 4, 5, 6) : [8, 26]
(1, 4, 3, 0, 7, 2, 9, 6, 5, 8) : [8, 31]
(1, 6, 9, 0, 3, 2, 5, 4, 7, 8) : [8, 20]
(1, 6, 7, 0, 3, 2, 9, 4, 5, 8) : [8, 13]
(5, 2, 7, 0, 3, 6, 9, 4, 1, 8) : [8, 32]
(1, 4, 7, 0, 3, 2, 5, 8, 9, 6) : [8, 25]
(1, 4, 7, 0, 3, 2, 9, 8, 5, 6) : [8, 26]
(3, 4, 5, 0, 7, 2, 1, 8, 9, 6) : [8, 28]
(1, 8, 3, 0, 7, 2, 9, 4, 5, 6) : [8, 29]
(3, 4, 7, 0, 9, 2, 5, 8, 1, 6) : [8, 29]
(1, 6, 7, 0, 9, 2, 5, 4, 3, 8) : [8, 19]
(5, 6, 7, 0, 1, 2, 9, 4, 3, 8) : [8, 30]
(1, 8, 5, 0, 7, 2, 9, 4, 3, 6) : [8, 32]
(1, 6, 3, 0, 7, 2, 9, 4, 5, 8) : [8, 30]
(3, 4, 7, 0, 9, 2, 1, 8, 5, 6) : [8, 19]
(1, 6, 5, 0, 3, 2, 9, 4, 7, 8) : [8, 27]
(1, 4, 5, 0, 7, 2, 9, 6, 3, 8) : [8, 30]
(1, 4, 7, 0, 9, 2, 5, 8, 3, 6) : [8, 30]
(1, 4, 3, 0, 7, 2, 9, 8, 5, 6) : [8, 29]
(3, 6, 9, 0, 1, 2, 5, 4, 7, 8) : [8, 13]
(1, 8, 7, 0, 9, 2, 5, 4, 3, 6) : [8, 13]
(5, 8, 1, 0, 9, 2, 3, 4, 7, 6) : [8, 13]
(5, 4, 7, 0, 9, 2, 1, 6, 3, 8) : [8, 26]
(1, 8, 5, 0, 9, 2, 3, 4, 7, 6) : [8, 26]
(1, 4, 5, 0, 7, 2, 9, 8, 3, 6) : [8, 26]
(1, 2, 5, 0, 7, 6, 9, 4, 3, 8) : [8, 28]
(1, 6, 3, 0, 5, 2, 9, 4, 7, 8) : [8, 30]
(5, 6, 1, 0, 3, 2, 9, 4, 7, 8) : [8, 13]
(3, 4, 5, 0, 7, 2, 9, 8, 1, 6) : [8, 26]
(1, 8, 7, 0, 9, 2, 3, 4, 5, 6) : [8, 32]
(3, 6, 1, 0, 9, 2, 5, 4, 7, 8) : [8, 26]
(1, 6, 9, 0, 7, 2, 5, 4, 3, 8) : [8, 28]
(3, 4, 1, 0, 7, 2, 5, 8, 9, 6) : [8, 29]
(3, 8, 7, 0, 9, 2, 1, 4, 5, 6) : [8, 29]
(1, 6, 3, 0, 9, 2, 5, 4, 7, 8) : [8, 27]
(3, 4, 1, 0, 7, 2, 9, 8, 5, 6) : [8, 26]
(1, 8, 5, 0, 3, 2, 9, 4, 7, 6) : [8, 24]
(3, 2, 5, 0, 9, 6, 1, 4, 7, 8) : [8, 29]
(1, 2, 9, 0, 3, 6, 5, 4, 7, 8) : [8, 27]
(1, 8, 9, 0, 7, 2, 5, 4, 3, 6) : [8, 29]
(3, 2, 5, 0, 7, 6, 9, 4, 1, 8) : [8, 24]
(1, 4, 3, 0, 7, 2, 5, 8, 9, 6) : [8, 32]
(1, 4, 7, 0, 3, 2, 9, 6, 5, 8) : [8, 27]
(3, 4, 1, 0, 7, 2, 9, 6, 5, 8) : [8, 29]
(5, 4, 7, 0, 9, 2, 3, 6, 1, 8) : [8, 25]
(3, 6, 7, 0, 9, 2, 5, 4, 1, 8) : [8, 26]
(5, 2, 7, 0, 1, 6, 9, 4, 3, 8) : [9, 19]
(5, 8, 9, 0, 1, 2, 3, 4, 7, 6) : [9, 24]
(5, 4, 1, 0, 7, 2, 9, 6, 3, 8) : [9, 13]
(3, 8, 9, 0, 1, 2, 5, 4, 7, 6) : [9, 14]
(5, 4, 7, 0, 9, 2, 3, 8, 1, 6) : [9, 22]
(1, 8, 3, 0, 5, 2, 9, 4, 7, 6) : [9, 25]
(7, 6, 1, 0, 3, 2, 9, 4, 5, 8) : [9, 14]
(3, 8, 5, 0, 9, 2, 1, 4, 7, 6) : [9, 13]
(5, 4, 1, 0, 7, 2, 3, 8, 9, 6) : [9, 13]
(1, 8, 3, 0, 9, 2, 5, 4, 7, 6) : [9, 13]
(3, 8, 1, 0, 9, 2, 5, 4, 7, 6) : [9, 13]
(5, 4, 1, 0, 7, 2, 9, 8, 3, 6) : [9, 13]
(1, 8, 9, 0, 3, 2, 5, 4, 7, 6) : [9, 14]
(1, 4, 3, 0, 5, 2, 9, 8, 7, 6) : [10]
(1, 4, 5, 0, 3, 2, 9, 6, 7, 8) : [10]
(5, 2, 7, 0, 1, 4, 3, 6, 9, 8) : [10]
(1, 2, 3, 0, 5, 6, 7, 4, 9, 8) : [10]
(1, 6, 7, 0, 5, 2, 3, 4, 9, 8) : [10]
(3, 2, 5, 0, 7, 4, 9, 6, 1, 8) : [10]
(1, 2, 5, 0, 3, 4, 7, 6, 9, 8) : [10]
(1, 2, 3, 0, 5, 6, 9, 4, 7, 8) : [10]
(1, 4, 5, 0, 3, 2, 7, 8, 9, 6) : [10]
(7, 8, 9, 0, 1, 2, 3, 4, 5, 6) : [10]
(3, 2, 5, 0, 7, 6, 1, 4, 9, 8) : [10]
(3, 4, 5, 0, 1, 2, 9, 8, 7, 6) : [10]
(5, 2, 7, 0, 3, 6, 1, 4, 9, 8) : [10]
(1, 4, 7, 0, 3, 2, 5, 6, 9, 8) : [10]
(1, 2, 3, 0, 5, 4, 9, 6, 7, 8) : [10]
(3, 0, 1, 2, 7, 4, 9, 6, 5, 8) : [10]
(3, 2, 1, 0, 5, 4, 9, 6, 7, 8) : [10]
(1, 0, 3, 2, 7, 4, 9, 6, 5, 8) : [10]
(5, 2, 7, 0, 1, 6, 3, 4, 9, 8) : [10]
(1, 2, 3, 0, 7, 4, 9, 6, 5, 8) : [10]
(1, 2, 3, 0, 7, 6, 5, 4, 9, 8) : [10]
(3, 4, 5, 0, 1, 2, 7, 8, 9, 6) : [10]
(3, 2, 1, 0, 5, 4, 7, 6, 9, 8) : [10]
(1, 2, 5, 0, 7, 6, 3, 4, 9, 8) : [10]
(3, 4, 1, 0, 7, 2, 5, 6, 9, 8) : [10]
(3, 2, 5, 0, 1, 4, 9, 6, 7, 8) : [10]
(5, 4, 1, 0, 3, 2, 7, 8, 9, 6) : [10]
(3, 4, 5, 0, 1, 2, 7, 6, 9, 8) : [10]
(1, 0, 3, 2, 5, 4, 7, 6, 9, 8) : [10]
(1, 4, 3, 0, 5, 2, 7, 6, 9, 8) : [10]
(1, 0, 5, 2, 3, 4, 9, 6, 7, 8) : [10]
(1, 2, 5, 0, 7, 4, 9, 6, 3, 8) : [10]
(9, 8, 1, 0, 3, 2, 5, 4, 7, 6) : [10]
(1, 0, 3, 2, 5, 4, 9, 6, 7, 8) : [10]
(1, 6, 5, 0, 7, 2, 3, 4, 9, 8) : [10]
(5, 4, 1, 0, 3, 2, 7, 6, 9, 8) : [10]
(1, 2, 5, 0, 7, 4, 3, 6, 9, 8) : [10]
(5, 8, 7, 0, 9, 2, 1, 4, 3, 6) : [10]
(3, 0, 5, 2, 7, 4, 9, 6, 1, 8) : [10]
(1, 2, 3, 0, 5, 4, 7, 6, 9, 8) : [10]
(3, 2, 1, 0, 7, 4, 9, 6, 5, 8) : [10]
(1, 4, 5, 0, 3, 2, 7, 6, 9, 8) : [10]
(1, 6, 3, 0, 5, 2, 7, 4, 9, 8) : [10]
(1, 2, 9, 0, 7, 6, 5, 4, 3, 8) : [10]
(1, 2, 3, 0, 7, 6, 9, 4, 5, 8) : [10]
(5, 2, 7, 0, 3, 4, 1, 6, 9, 8) : [10]
(3, 4, 5, 0, 1, 2, 9, 6, 7, 8) : [10]
(1, 8, 3, 0, 5, 2, 7, 4, 9, 6) : [10]
(1, 4, 3, 0, 7, 2, 5, 6, 9, 8) : [10]
(1, 0, 5, 2, 7, 4, 9, 6, 3, 8) : [10]
(5, 4, 1, 0, 7, 2, 3, 6, 9, 8) : [10]
(1, 6, 7, 0, 3, 2, 5, 4, 9, 8) : [10]
(5, 6, 7, 0, 1, 2, 3, 4, 9, 8) : [10]
(1, 2, 5, 0, 3, 6, 7, 4, 9, 8) : [10]
(3, 4, 5, 0, 7, 2, 1, 6, 9, 8) : [10]
(5, 4, 1, 0, 3, 2, 9, 6, 7, 8) : [10]
(1, 6, 3, 0, 7, 2, 5, 4, 9, 8) : [10]
(1, 4, 3, 0, 5, 2, 9, 6, 7, 8) : [10]
(3, 2, 1, 0, 7, 6, 9, 4, 5, 8) : [10]
(3, 8, 5, 0, 7, 2, 9, 4, 1, 6) : [10]
(3, 6, 7, 0, 1, 2, 5, 4, 9, 8) : [10]
(1, 4, 5, 0, 7, 2, 3, 6, 9, 8) : [10]
(3, 2, 5, 0, 1, 4, 7, 6, 9, 8) : [10]
(3, 2, 1, 0, 7, 6, 5, 4, 9, 8) : [10]
(1, 4, 3, 0, 5, 2, 7, 8, 9, 6) : [10]
(3, 6, 5, 0, 7, 2, 1, 4, 9, 8) : [10]
(1, 2, 5, 0, 3, 4, 9, 6, 7, 8) : [10]
(3, 6, 1, 0, 7, 2, 5, 4, 9, 8) : [10]
(1, 4, 5, 0, 3, 2, 9, 8, 7, 6) : [10]
(3, 2, 5, 0, 7, 4, 1, 6, 9, 8) : [10]
(5, 4, 1, 0, 3, 2, 9, 8, 7, 6) : [10]
(7, 6, 1, 0, 3, 2, 5, 4, 9, 8) : [10]
