(3, 4, 7, 0, 11, 2, 1, 8, 9, 6, 5, 10): [8, 12, 15, 15, 37]
(1, 2, 5, 0, 3, 6, 9, 4, 7, 10, 11, 8): [8, 12, 15, 15, 37]
(3, 4, 11, 0, 7, 2, 5, 8, 9, 6, 1, 10): [8, 12, 15, 15, 37]
(1, 4, 5, 0, 7, 2, 3, 8, 11, 6, 9, 10): [8, 12, 15, 15, 37]
(5, 2, 9, 0, 1, 6, 11, 4, 3, 8, 7, 10): [8, 12, 15, 15, 37]
(1, 6, 7, 0, 5, 2, 9, 4, 3, 10, 11, 8): [8, 12, 15, 15, 36]
(7, 4, 9, 0, 11, 2, 1, 6, 5, 8, 3, 10): [8, 12, 15, 15, 36]
(1, 8, 9, 0, 7, 2, 11, 4, 5, 6, 3, 10): [8, 12, 15, 15, 36]
(1, 8, 7, 0, 11, 2, 9, 4, 5, 6, 3, 10): [8, 12, 15, 15, 36]
(3, 8, 7, 0, 11, 2, 1, 4, 5, 6, 9, 10): [8, 12, 15, 15, 36]
(1, 4, 7, 0, 11, 2, 9, 10, 5, 6, 3, 8): [8, 12, 15, 15, 36]
(1, 8, 7, 0, 11, 2, 9, 4, 3, 6, 5, 10): [9, 12, 16, 15, 36]
(3, 4, 11, 0, 7, 2, 1, 8, 9, 6, 5, 10): [9, 13, 16, 15, 36]
(1, 10, 5, 0, 9, 2, 3, 4, 11, 6, 7, 8): [9, 12, 16, 16, 36]
(1, 6, 5, 0, 9, 2, 11, 4, 3, 8, 7, 10): [9, 12, 16, 16, 36]
(1, 8, 7, 0, 5, 2, 11, 4, 3, 6, 9, 10): [9, 12, 16, 16, 36]
(1, 6, 9, 0, 11, 2, 3, 4, 5, 8, 7, 10): [9, 12, 16, 16, 36]
(1, 6, 9, 0, 7, 2, 11, 4, 3, 8, 5, 10): [9, 12, 16, 16, 36]
(1, 6, 7, 0, 9, 2, 3, 4, 5, 10, 11, 8): [9, 12, 16, 16, 36]
(1, 4, 5, 0, 7, 2, 11, 8, 9, 6, 3, 10): [9, 13, 16, 16, 36]
(5, 2, 9, 0, 3, 6, 11, 4, 1, 8, 7, 10): [9, 13, 16, 16, 36]
(1, 4, 5, 0, 11, 2, 3, 8, 9, 6, 7, 10): [9, 13, 16, 16, 36]
(3, 8, 9, 0, 7, 2, 11, 4, 5, 6, 1, 10): [9, 13, 16, 16, 36]
(1, 6, 9, 0, 7, 2, 3, 4, 5, 10, 11, 8): [8, 12, 15, 15, 35]
(3, 8, 7, 0, 1, 2, 11, 4, 5, 6, 9, 10): [8, 12, 15, 15, 35]
(3, 6, 9, 0, 1, 2, 11, 4, 5, 8, 7, 10): [8, 12, 15, 15, 35]
(3, 4, 11, 0, 7, 2, 1, 8, 5, 6, 9, 10): [8, 12, 15, 15, 35]
(3, 4, 7, 0, 9, 2, 5, 8, 11, 6, 1, 10): [8, 12, 15, 15, 35]
(1, 6, 5, 0, 9, 2, 3, 4, 7, 10, 11, 8): [8, 12, 15, 15, 35]
(3, 6, 7, 0, 9, 2, 11, 4, 5, 8, 1, 10): [8, 12, 15, 15, 35]
(1, 8, 5, 0, 11, 2, 9, 4, 3, 6, 7, 10): [8, 12, 15, 15, 35]
(1, 6, 7, 0, 9, 2, 11, 4, 3, 8, 5, 10): [8, 12, 15, 15, 35]
(1, 10, 7, 0, 11, 2, 9, 4, 5, 6, 3, 8): [8, 12, 15, 15, 35]
(1, 8, 9, 0, 5, 2, 3, 4, 11, 6, 7, 10): [8, 13, 15, 15, 35]
(1, 10, 7, 0, 9, 2, 3, 4, 11, 6, 5, 8): [8, 13, 15, 15, 35]
(1, 10, 5, 0, 9, 2, 11, 4, 3, 6, 7, 8): [8, 13, 15, 15, 35]
(3, 6, 7, 0, 9, 2, 11, 4, 1, 8, 5, 10): [8, 12, 16, 15, 35]
(1, 10, 5, 0, 11, 2, 3, 4, 9, 6, 7, 8): [8, 12, 16, 15, 35]
(1, 8, 5, 0, 9, 2, 7, 4, 11, 6, 3, 10): [9, 12, 16, 15, 35]
(1, 6, 5, 0, 9, 2, 11, 4, 7, 8, 3, 10): [9, 12, 16, 15, 35]
(3, 6, 9, 0, 1, 2, 11, 4, 7, 8, 5, 10): [8, 12, 15, 16, 35]
(1, 10, 9, 0, 5, 2, 3, 4, 11, 6, 7, 8): [8, 12, 15, 16, 35]
(1, 8, 9, 0, 7, 2, 11, 4, 3, 6, 5, 10): [9, 12, 16, 16, 35]
(1, 6, 9, 0, 11, 2, 3, 4, 7, 8, 5, 10): [9, 12, 16, 16, 35]
(1, 6, 7, 0, 9, 2, 11, 4, 5, 8, 3, 10): [9, 12, 16, 16, 35]
(1, 6, 7, 0, 9, 2, 11, 4, 3, 10, 5, 8): [8, 13, 16, 16, 35]
(5, 8, 9, 0, 1, 2, 3, 4, 11, 6, 7, 10): [8, 13, 16, 16, 35]
(1, 8, 3, 0, 11, 2, 9, 4, 5, 6, 7, 10): [9, 13, 16, 16, 35]
(1, 4, 7, 0, 11, 2, 5, 8, 9, 6, 3, 10): [9, 13, 16, 16, 35]
(1, 4, 5, 0, 7, 2, 11, 8, 3, 6, 9, 10): [9, 13, 16, 16, 35]
(1, 8, 7, 0, 9, 2, 11, 4, 5, 6, 3, 10): [9, 13, 16, 16, 35]
(1, 4, 7, 0, 9, 2, 5, 8, 11, 6, 3, 10): [9, 13, 16, 16, 35]
(1, 6, 5, 0, 9, 2, 3, 4, 11, 8, 7, 10): [9, 13, 16, 16, 35]
(1, 4, 11, 0, 7, 2, 3, 8, 9, 6, 5, 10): [9, 13, 16, 16, 35]
(5, 2, 9, 0, 3, 6, 11, 4, 7, 8, 1, 10): [9, 12, 17, 17, 35]
(1, 10, 7, 0, 11, 2, 3, 4, 9, 6, 5, 8): [9, 12, 17, 17, 35]
(1, 10, 11, 0, 7, 2, 9, 4, 5, 6, 3, 8): [9, 12, 17, 17, 35]
(1, 10, 11, 0, 9, 2, 7, 4, 5, 6, 3, 8): [10, 12, 17, 17, 35]
(7, 4, 9, 0, 11, 2, 5, 6, 1, 8, 3, 10): [10, 12, 17, 17, 35]
(7, 4, 11, 0, 9, 2, 1, 10, 5, 6, 3, 8): [10, 12, 17, 17, 35]
(3, 10, 5, 0, 9, 2, 1, 4, 11, 6, 7, 8): [9, 13, 17, 17, 35]
(3, 6, 7, 0, 1, 2, 9, 4, 5, 10, 11, 8): [9, 13, 17, 17, 35]
(3, 8, 9, 0, 1, 2, 11, 4, 5, 6, 7, 10): [9, 13, 17, 17, 35]
(3, 10, 5, 0, 11, 2, 9, 4, 1, 6, 7, 8): [9, 13, 17, 17, 35]
(3, 4, 5, 0, 7, 2, 11, 8, 1, 6, 9, 10): [9, 13, 17, 17, 35]
(3, 8, 7, 0, 9, 2, 1, 4, 11, 6, 5, 10): [10, 13, 17, 17, 35]
(1, 10, 11, 0, 5, 2, 3, 4, 9, 6, 7, 8): [10, 13, 17, 17, 35]
(5, 2, 9, 0, 11, 6, 3, 4, 1, 8, 7, 10): [10, 13, 17, 17, 35]
(5, 2, 9, 0, 11, 6, 3, 4, 7, 10, 1, 8): [10, 13, 17, 17, 35]
(1, 4, 7, 0, 9, 2, 5, 10, 11, 6, 3, 8): [10, 14, 17, 17, 35]
(1, 6, 5, 0, 9, 2, 11, 4, 7, 10, 3, 8): [8, 12, 15, 15, 34]
(1, 6, 3, 0, 7, 2, 9, 4, 5, 10, 11, 8): [8, 12, 15, 15, 34]
(3, 8, 9, 0, 11, 2, 1, 4, 5, 6, 7, 10): [8, 12, 15, 15, 34]
(3, 4, 7, 0, 11, 2, 5, 8, 1, 6, 9, 10): [8, 12, 15, 15, 34]
(1, 8, 5, 0, 9, 2, 3, 4, 11, 6, 7, 10): [8, 12, 15, 15, 34]
(1, 10, 9, 0, 7, 2, 11, 4, 5, 6, 3, 8): [8, 12, 15, 15, 34]
(1, 8, 9, 0, 7, 2, 3, 4, 11, 6, 5, 10): [8, 12, 15, 15, 34]
(7, 4, 9, 0, 11, 2, 1, 8, 5, 6, 3, 10): [8, 12, 15, 15, 34]
(3, 8, 7, 0, 9, 2, 11, 4, 5, 6, 1, 10): [8, 12, 15, 15, 34]
(1, 6, 7, 0, 9, 2, 11, 4, 5, 10, 3, 8): [8, 12, 15, 15, 34]
(1, 8, 11, 0, 7, 2, 3, 4, 5, 6, 9, 10): [8, 13, 15, 15, 34]
(3, 4, 7, 0, 9, 2, 11, 6, 5, 8, 1, 10): [8, 13, 15, 15, 34]
(1, 10, 9, 0, 7, 2, 11, 4, 3, 6, 5, 8): [8, 13, 15, 15, 34]
(1, 8, 5, 0, 9, 2, 11, 4, 3, 6, 7, 10): [9, 12, 15, 16, 34]
(3, 4, 7, 0, 11, 2, 5, 8, 9, 6, 1, 10): [9, 13, 15, 16, 34]
(1, 4, 11, 0, 7, 2, 5, 8, 9, 6, 3, 10): [9, 12, 16, 16, 34]
(7, 4, 9, 0, 11, 2, 1, 6, 3, 8, 5, 10): [9, 12, 16, 16, 34]
(7, 4, 9, 0, 11, 2, 3, 6, 5, 8, 1, 10): [9, 12, 16, 16, 34]
(7, 4, 11, 0, 9, 2, 3, 10, 1, 6, 5, 8): [9, 12, 16, 16, 34]
(1, 4, 3, 0, 7, 2, 5, 8, 11, 6, 9, 10): [9, 12, 16, 16, 34]
(1, 4, 7, 0, 9, 2, 11, 8, 3, 6, 5, 10): [9, 12, 16, 16, 34]
(3, 8, 7, 0, 1, 2, 9, 4, 11, 6, 5, 10): [9, 12, 16, 16, 34]
(1, 2, 5, 0, 3, 6, 9, 4, 11, 8, 7, 10): [9, 13, 16, 16, 34]
(1, 10, 9, 0, 7, 2, 3, 4, 11, 6, 5, 8): [9, 13, 16, 16, 34]
(1, 10, 7, 0, 5, 2, 11, 4, 9, 6, 3, 8): [9, 13, 16, 16, 34]
(5, 10, 11, 0, 9, 2, 3, 4, 1, 6, 7, 8): [9, 13, 16, 16, 34]
(1, 8, 7, 0, 9, 2, 3, 4, 11, 6, 5, 10): [9, 13, 16, 16, 34]
(1, 4, 3, 0, 7, 2, 11, 8, 5, 6, 9, 10): [9, 13, 16, 16, 34]
(5, 6, 7, 0, 9, 2, 11, 4, 3, 10, 1, 8): [9, 13, 16, 16, 34]
(1, 4, 7, 0, 11, 2, 5, 8, 3, 6, 9, 10): [9, 13, 16, 16, 34]
(1, 2, 5, 0, 9, 6, 7, 4, 3, 10, 11, 8): [9, 13, 16, 16, 34]
(1, 6, 7, 0, 9, 2, 3, 4, 11, 8, 5, 10): [9, 13, 16, 16, 34]
(1, 8, 11, 0, 9, 2, 3, 4, 5, 6, 7, 10): [9, 13, 16, 16, 34]
(1, 2, 5, 0, 9, 6, 11, 4, 3, 8, 7, 10): [9, 13, 16, 16, 34]
(5, 10, 9, 0, 11, 2, 1, 4, 3, 6, 7, 8): [9, 13, 16, 16, 34]
(1, 10, 3, 0, 9, 2, 7, 4, 11, 6, 5, 8): [10, 12, 17, 16, 34]
(3, 4, 7, 0, 9, 2, 11, 6, 1, 8, 5, 10): [10, 13, 17, 16, 34]
(1, 10, 3, 0, 7, 2, 11, 4, 9, 6, 5, 8): [10, 12, 16, 17, 34]
(3, 4, 7, 0, 9, 2, 5, 6, 11, 8, 1, 10): [10, 13, 16, 17, 34]
(1, 6, 9, 0, 5, 2, 11, 4, 3, 10, 7, 8): [9, 12, 17, 17, 34]
(5, 6, 9, 0, 1, 2, 11, 4, 3, 8, 7, 10): [9, 12, 17, 17, 34]
(5, 10, 9, 0, 1, 2, 11, 4, 3, 6, 7, 8): [10, 12, 17, 17, 34]
(1, 4, 7, 0, 11, 2, 3, 10, 9, 6, 5, 8): [10, 12, 17, 17, 34]
(3, 4, 7, 0, 11, 2, 9, 10, 1, 6, 5, 8): [10, 12, 17, 17, 34]
(1, 10, 5, 0, 9, 2, 7, 4, 11, 6, 3, 8): [10, 12, 17, 17, 34]
(1, 10, 9, 0, 11, 2, 7, 4, 3, 6, 5, 8): [10, 12, 17, 17, 34]
(1, 4, 3, 0, 7, 2, 5, 10, 9, 6, 11, 8): [10, 12, 17, 17, 34]
(1, 2, 5, 0, 9, 6, 3, 4, 7, 10, 11, 8): [9, 13, 17, 17, 34]
(3, 6, 9, 0, 1, 2, 11, 4, 5, 10, 7, 8): [9, 13, 17, 17, 34]
(5, 6, 7, 0, 1, 2, 9, 4, 3, 10, 11, 8): [9, 13, 17, 17, 34]
(3, 6, 7, 0, 9, 2, 11, 4, 5, 10, 1, 8): [9, 13, 17, 17, 34]
(3, 6, 9, 0, 1, 2, 11, 4, 7, 10, 5, 8): [9, 13, 17, 17, 34]
(3, 10, 9, 0, 1, 2, 11, 4, 5, 6, 7, 8): [9, 13, 17, 17, 34]
(3, 6, 7, 0, 9, 2, 11, 4, 1, 10, 5, 8): [9, 13, 17, 17, 34]
(5, 2, 9, 0, 1, 6, 11, 4, 7, 8, 3, 10): [9, 13, 17, 17, 34]
(3, 10, 11, 0, 9, 2, 1, 4, 5, 6, 7, 8): [9, 13, 17, 17, 34]
(7, 4, 9, 0, 11, 2, 3, 8, 1, 6, 5, 10): [9, 13, 17, 17, 34]
(3, 6, 9, 0, 7, 2, 11, 4, 1, 10, 5, 8): [10, 13, 17, 17, 34]
(1, 10, 11, 0, 9, 2, 3, 4, 5, 6, 7, 8): [10, 13, 17, 17, 34]
(3, 6, 9, 0, 7, 2, 11, 4, 5, 8, 1, 10): [10, 13, 17, 17, 34]
(5, 2, 9, 0, 3, 6, 11, 4, 7, 10, 1, 8): [10, 13, 17, 17, 34]
(5, 2, 9, 0, 11, 6, 3, 4, 7, 8, 1, 10): [10, 13, 17, 17, 34]
(7, 4, 9, 0, 11, 2, 5, 8, 1, 6, 3, 10): [10, 13, 17, 17, 34]
(5, 2, 7, 0, 9, 6, 11, 4, 3, 8, 1, 10): [10, 14, 17, 17, 34]
(5, 2, 7, 0, 9, 4, 11, 6, 1, 8, 3, 10): [10, 14, 17, 17, 34]
(1, 6, 9, 0, 7, 2, 11, 4, 5, 10, 3, 8): [8, 12, 15, 15, 33]
(3, 8, 11, 0, 9, 2, 1, 4, 5, 6, 7, 10): [8, 12, 15, 15, 33]
(1, 10, 9, 0, 11, 2, 7, 4, 5, 6, 3, 8): [8, 12, 15, 15, 33]
(3, 4, 7, 0, 9, 2, 11, 8, 1, 6, 5, 10): [8, 12, 15, 15, 33]
(1, 8, 11, 0, 7, 2, 9, 4, 3, 6, 5, 10): [8, 12, 15, 15, 33]
(5, 6, 7, 0, 9, 2, 11, 4, 3, 8, 1, 10): [8, 12, 15, 15, 33]
(1, 8, 5, 0, 7, 2, 11, 4, 3, 6, 9, 10): [8, 12, 15, 15, 33]
(1, 10, 7, 0, 11, 2, 9, 4, 3, 6, 5, 8): [8, 13, 15, 15, 33]
(1, 6, 9, 0, 7, 2, 11, 4, 5, 8, 3, 10): [9, 12, 15, 16, 33]
(1, 8, 5, 0, 11, 2, 7, 4, 3, 6, 9, 10): [9, 12, 15, 16, 33]
(1, 4, 3, 0, 7, 2, 9, 10, 5, 6, 11, 8): [8, 12, 16, 16, 33]
(3, 8, 5, 0, 9, 2, 1, 4, 11, 6, 7, 10): [8, 12, 16, 16, 33]
(1, 10, 11, 0, 7, 2, 9, 4, 3, 6, 5, 8): [8, 12, 16, 16, 33]
(1, 4, 11, 0, 7, 2, 3, 8, 5, 6, 9, 10): [9, 12, 16, 16, 33]
(1, 8, 11, 0, 7, 2, 9, 4, 5, 6, 3, 10): [9, 12, 16, 16, 33]
(3, 4, 7, 0, 9, 2, 1, 6, 11, 8, 5, 10): [8, 13, 16, 16, 33]
(1, 4, 7, 0, 3, 2, 5, 8, 11, 6, 9, 10): [8, 13, 16, 16, 33]
(5, 4, 7, 0, 11, 2, 3, 8, 9, 6, 1, 10): [8, 13, 16, 16, 33]
(3, 4, 5, 0, 11, 2, 1, 8, 9, 6, 7, 10): [9, 13, 16, 16, 33]
(1, 8, 7, 0, 11, 2, 3, 4, 5, 6, 9, 10): [9, 13, 16, 16, 33]
(5, 8, 9, 0, 11, 2, 3, 4, 7, 6, 1, 10): [9, 13, 16, 16, 33]
(1, 8, 11, 0, 7, 2, 5, 4, 3, 6, 9, 10): [9, 13, 16, 16, 33]
(1, 4, 11, 0, 7, 2, 9, 8, 3, 6, 5, 10): [9, 14, 16, 16, 33]
(1, 4, 7, 0, 11, 2, 5, 10, 3, 6, 9, 8): [9, 14, 16, 16, 33]
(3, 10, 7, 0, 11, 2, 9, 4, 1, 6, 5, 8): [10, 12, 17, 17, 33]
(1, 8, 7, 0, 5, 2, 3, 4, 11, 6, 9, 10): [10, 12, 17, 17, 33]
(1, 4, 5, 0, 7, 2, 9, 10, 3, 6, 11, 8): [10, 12, 17, 17, 33]
(1, 8, 9, 0, 5, 2, 11, 4, 3, 6, 7, 10): [10, 12, 17, 17, 33]
(3, 8, 5, 0, 1, 2, 9, 4, 11, 6, 7, 10): [9, 13, 17, 17, 33]
(1, 6, 7, 0, 5, 2, 9, 4, 11, 8, 3, 10): [9, 13, 17, 17, 33]
(1, 4, 3, 0, 7, 2, 11, 8, 9, 6, 5, 10): [9, 13, 17, 17, 33]
(1, 4, 7, 0, 9, 2, 11, 6, 5, 8, 3, 10): [9, 13, 17, 17, 33]
(1, 4, 7, 0, 9, 2, 3, 6, 11, 8, 5, 10): [9, 13, 17, 17, 33]
(1, 6, 3, 0, 9, 2, 11, 4, 7, 8, 5, 10): [9, 13, 17, 17, 33]
(1, 4, 5, 0, 7, 2, 9, 10, 11, 6, 3, 8): [9, 13, 17, 17, 33]
(1, 4, 3, 0, 11, 2, 5, 8, 9, 6, 7, 10): [9, 13, 17, 17, 33]
(1, 10, 7, 0, 9, 2, 11, 4, 5, 6, 3, 8): [10, 13, 17, 17, 33]
(1, 4, 7, 0, 9, 2, 5, 6, 11, 8, 3, 10): [10, 13, 17, 17, 33]
(7, 4, 9, 0, 11, 2, 3, 8, 5, 6, 1, 10): [10, 13, 17, 17, 33]
(3, 6, 9, 0, 7, 2, 11, 4, 5, 10, 1, 8): [10, 13, 17, 17, 33]
(3, 6, 9, 0, 7, 2, 11, 4, 1, 8, 5, 10): [10, 13, 17, 17, 33]
(1, 8, 3, 0, 9, 2, 7, 4, 11, 6, 5, 10): [10, 13, 17, 17, 33]
(1, 2, 9, 0, 3, 6, 11, 4, 7, 8, 5, 10): [10, 14, 17, 17, 33]
(1, 2, 5, 0, 9, 6, 11, 4, 7, 8, 3, 10): [10, 14, 17, 17, 33]
(1, 4, 7, 0, 11, 2, 3, 8, 9, 6, 5, 10): [9, 12, 16, 16, 32]
(3, 6, 7, 0, 1, 2, 9, 4, 11, 8, 5, 10): [9, 13, 16, 16, 32]
(1, 8, 3, 0, 7, 2, 11, 4, 5, 6, 9, 10): [9, 13, 16, 16, 32]
(1, 2, 9, 0, 3, 6, 11, 4, 5, 8, 7, 10): [9, 13, 16, 16, 32]
(1, 6, 9, 0, 7, 2, 3, 4, 11, 8, 5, 10): [9, 13, 16, 16, 32]
(1, 10, 3, 0, 11, 2, 9, 4, 5, 6, 7, 8): [9, 13, 16, 16, 32]
(1, 6, 5, 0, 7, 2, 9, 4, 11, 8, 3, 10): [9, 13, 17, 17, 32]
(3, 6, 5, 0, 1, 2, 9, 4, 11, 8, 7, 10): [9, 13, 17, 17, 32]
(5, 8, 7, 0, 1, 2, 3, 4, 11, 6, 9, 10): [9, 13, 17, 17, 32]
(1, 2, 5, 0, 9, 6, 11, 4, 7, 10, 3, 8): [9, 13, 17, 17, 32]
(1, 8, 3, 0, 7, 2, 9, 4, 11, 6, 5, 10): [9, 13, 17, 17, 32]
(1, 4, 3, 0, 7, 2, 9, 10, 11, 6, 5, 8): [9, 13, 17, 17, 32]
(1, 6, 9, 0, 11, 2, 3, 4, 5, 10, 7, 8): [10, 13, 17, 17, 32]
(5, 8, 7, 0, 1, 2, 11, 4, 3, 6, 9, 10): [10, 13, 17, 17, 32]
(1, 6, 5, 0, 9, 2, 11, 4, 3, 10, 7, 8): [9, 13, 15, 16, 31]
(3, 4, 7, 0, 9, 2, 11, 8, 5, 6, 1, 10): [9, 13, 15, 16, 31]
(5, 6, 9, 0, 1, 2, 11, 4, 7, 8, 3, 10): [8, 12, 15, 15, 30]
(1, 6, 9, 0, 5, 2, 11, 4, 7, 10, 3, 8): [8, 12, 15, 15, 30]
(3, 4, 7, 0, 9, 2, 1, 10, 11, 6, 5, 8): [9, 13, 16, 16, 30]
(3, 10, 11, 0, 1, 2, 9, 4, 5, 6, 7, 8): [9, 13, 16, 16, 30]
(3, 4, 7, 0, 9, 2, 1, 8, 11, 6, 5, 10): [9, 13, 17, 16, 30]
(1, 4, 7, 0, 11, 2, 9, 10, 3, 6, 5, 8): [9, 13, 17, 16, 30]
(1, 4, 7, 0, 9, 2, 11, 8, 5, 6, 3, 10): [9, 13, 16, 17, 30]
(1, 6, 5, 0, 7, 2, 9, 4, 3, 10, 11, 8): [9, 13, 17, 17, 30]
(3, 6, 5, 0, 9, 2, 11, 4, 1, 8, 7, 10): [9, 13, 17, 17, 30]
(5, 10, 9, 0, 11, 2, 3, 4, 1, 6, 7, 8): [9, 13, 16, 16, 29]
(3, 4, 5, 0, 7, 2, 9, 10, 11, 6, 1, 8): [10, 13, 17, 17, 29]
(3, 10, 5, 0, 1, 2, 9, 4, 11, 6, 7, 8): [10, 13, 17, 17, 29]
(1, 4, 7, 0, 9, 2, 3, 8, 11, 6, 5, 10): [8, 12, 15, 15, 28]
(1, 4, 11, 0, 7, 2, 5, 8, 3, 6, 9, 10): [8, 12, 15, 15, 28]
(1, 8, 5, 0, 7, 2, 3, 4, 11, 6, 9, 10): [9, 12, 16, 16, 28]
(3, 4, 5, 0, 7, 2, 11, 8, 9, 6, 1, 10): [9, 13, 16, 16, 28]
(3, 4, 7, 0, 11, 2, 1, 8, 5, 6, 9, 10): [9, 13, 16, 17, 28]
(1, 4, 7, 0, 9, 2, 3, 10, 11, 6, 5, 8): [9, 13, 16, 17, 28]
(3, 4, 7, 0, 11, 2, 1, 10, 5, 6, 9, 8): [10, 14, 17, 17, 28]
(1, 6, 3, 0, 7, 2, 9, 4, 11, 8, 5, 10): [9, 13, 17, 17, 27]
(3, 8, 7, 0, 11, 2, 9, 4, 5, 6, 1, 10): [9, 12, 16, 16, 26]
(1, 10, 5, 0, 11, 2, 9, 4, 3, 6, 7, 8): [9, 13, 16, 16, 26]
(1, 10, 5, 0, 7, 2, 11, 4, 3, 6, 9, 8): [9, 13, 16, 17, 26]
(3, 8, 5, 0, 9, 2, 11, 4, 7, 6, 1, 10): [9, 13, 16, 17, 26]
(5, 6, 9, 0, 1, 2, 11, 4, 7, 10, 3, 8): [9, 13, 17, 17, 26]
(1, 6, 9, 0, 5, 2, 11, 4, 7, 8, 3, 10): [9, 13, 17, 17, 26]
(1, 8, 5, 0, 7, 2, 9, 4, 11, 6, 3, 10): [9, 13, 17, 17, 26]
(1, 8, 5, 0, 11, 2, 3, 4, 7, 6, 9, 10): [9, 14, 17, 17, 26]
(1, 8, 11, 0, 3, 2, 9, 4, 5, 6, 7, 10): [9, 14, 17, 17, 26]
(5, 4, 11, 0, 7, 2, 1, 8, 9, 6, 3, 10): [9, 14, 17, 17, 26]
(1, 8, 9, 0, 3, 2, 11, 4, 7, 6, 5, 10): [10, 14, 17, 17, 26]
(3, 10, 9, 0, 1, 2, 5, 4, 11, 6, 7, 8): [10, 14, 17, 17, 22]
(1, 6, 9, 0, 7, 2, 11, 4, 3, 10, 5, 8): [9, 13, 16, 15, 19]
(3, 4, 11, 0, 7, 2, 5, 8, 1, 6, 9, 10): [9, 13, 16, 15, 19]
(1, 8, 5, 0, 9, 2, 11, 4, 7, 6, 3, 10): [9, 14, 16, 16, 19]
(1, 4, 7, 0, 11, 2, 3, 8, 5, 6, 9, 10): [9, 13, 17, 16, 19]
(1, 8, 7, 0, 3, 2, 9, 4, 11, 6, 5, 10): [9, 14, 16, 16, 13]
(1, 10, 7, 0, 3, 2, 9, 4, 11, 6, 5, 8): [9, 13, 17, 16, 13]
(3, 8, 5, 0, 11, 2, 1, 4, 7, 6, 9, 10): [9, 13, 17, 16, 13]
