(1, 4, 7, 0, 11, 2, 9, 10, 3, 6, 13, 8, 5, 12): [8, 12, 15, 15, 41]
(1, 4, 13, 0, 7, 2, 9, 10, 5, 6, 3, 8, 11, 12): [8, 12, 15, 15, 41]
(3, 8, 11, 0, 13, 2, 1, 4, 5, 6, 9, 10, 7, 12): [8, 13, 15, 15, 40]
(1, 12, 11, 0, 7, 2, 13, 4, 9, 6, 5, 8, 3, 10): [8, 13, 15, 15, 40]
(3, 8, 7, 0, 11, 2, 13, 4, 5, 6, 1, 10, 9, 12): [8, 13, 15, 15, 40]
(1, 8, 11, 0, 9, 2, 3, 4, 13, 6, 5, 10, 7, 12): [8, 13, 15, 15, 40]
(3, 8, 7, 0, 11, 2, 9, 4, 13, 6, 5, 12, 1, 10): [8, 13, 15, 15, 40]
(1, 10, 9, 0, 13, 2, 7, 4, 5, 6, 3, 8, 11, 12): [8, 13, 15, 15, 40]
(1, 12, 5, 0, 13, 2, 11, 4, 9, 6, 3, 8, 7, 10): [8, 13, 15, 15, 40]
(1, 6, 7, 0, 9, 2, 13, 4, 11, 12, 5, 8, 3, 10): [9, 12, 16, 16, 40]
(3, 4, 7, 0, 11, 2, 1, 10, 5, 6, 13, 8, 9, 12): [9, 13, 16, 16, 40]
(1, 12, 5, 0, 11, 2, 7, 4, 13, 6, 3, 8, 9, 10): [9, 13, 16, 16, 40]
(3, 4, 11, 0, 7, 2, 13, 8, 5, 6, 9, 10, 1, 12): [9, 13, 16, 16, 40]
(1, 6, 7, 0, 9, 2, 13, 4, 3, 10, 11, 8, 5, 12): [9, 13, 16, 17, 40]
(1, 8, 9, 0, 11, 2, 7, 4, 13, 6, 3, 10, 5, 12): [9, 13, 16, 17, 40]
(1, 8, 9, 0, 11, 2, 3, 4, 13, 6, 5, 10, 7, 12): [9, 13, 16, 17, 40]
(1, 2, 5, 0, 3, 6, 9, 4, 7, 10, 13, 8, 11, 12): [9, 13, 17, 17, 40]
(3, 10, 7, 0, 11, 2, 9, 4, 13, 6, 5, 8, 1, 12): [9, 13, 17, 17, 40]
(1, 12, 7, 0, 13, 2, 11, 4, 9, 6, 5, 8, 3, 10): [9, 13, 17, 17, 40]
(1, 6, 9, 0, 13, 2, 3, 4, 7, 10, 11, 8, 5, 12): [9, 13, 17, 17, 40]
(7, 4, 11, 0, 13, 2, 5, 8, 9, 6, 3, 10, 1, 12): [9, 13, 17, 17, 40]
(1, 8, 5, 0, 11, 2, 9, 4, 13, 6, 7, 12, 3, 10): [9, 13, 17, 17, 40]
(5, 8, 9, 0, 11, 2, 3, 4, 13, 6, 7, 10, 1, 12): [9, 13, 17, 17, 40]
(1, 6, 3, 0, 9, 2, 13, 4, 11, 12, 7, 8, 5, 10): [9, 13, 17, 17, 40]
(3, 8, 7, 0, 11, 2, 1, 4, 13, 6, 5, 10, 9, 12): [10, 13, 17, 17, 40]
(1, 12, 5, 0, 9, 2, 11, 4, 3, 6, 13, 8, 7, 10): [10, 13, 17, 17, 40]
(1, 8, 5, 0, 11, 2, 3, 4, 13, 6, 9, 10, 7, 12): [10, 13, 17, 17, 40]
(3, 8, 7, 0, 11, 2, 1, 4, 5, 6, 13, 10, 9, 12): [9, 14, 17, 17, 40]
(3, 4, 7, 0, 11, 2, 5, 8, 9, 6, 1, 12, 13, 10): [10, 14, 17, 17, 40]
(1, 10, 11, 0, 7, 2, 3, 4, 9, 6, 13, 8, 5, 12): [10, 14, 17, 17, 40]
(3, 4, 7, 0, 9, 2, 5, 10, 11, 6, 13, 8, 1, 12): [10, 14, 17, 17, 40]
(5, 8, 9, 0, 11, 2, 3, 4, 13, 6, 1, 10, 7, 12): [8, 13, 15, 15, 39]
(1, 6, 7, 0, 9, 2, 13, 4, 3, 12, 11, 8, 5, 10): [8, 13, 15, 15, 39]
(1, 12, 5, 0, 13, 2, 9, 4, 3, 6, 11, 8, 7, 10): [8, 13, 15, 15, 39]
(3, 8, 7, 0, 11, 2, 1, 4, 13, 6, 9, 10, 5, 12): [8, 13, 15, 15, 39]
(3, 8, 7, 0, 11, 2, 9, 4, 13, 6, 1, 10, 5, 12): [8, 13, 15, 15, 39]
(1, 6, 9, 0, 5, 2, 11, 4, 7, 12, 13, 8, 3, 10): [8, 13, 15, 15, 39]
(1, 10, 13, 0, 9, 2, 3, 4, 11, 6, 7, 8, 5, 12): [8, 13, 16, 15, 39]
(1, 10, 9, 0, 7, 2, 13, 4, 5, 6, 3, 8, 11, 12): [8, 13, 16, 15, 39]
(1, 10, 5, 0, 9, 2, 3, 4, 13, 6, 7, 8, 11, 12): [8, 13, 15, 16, 39]
(1, 10, 13, 0, 11, 2, 9, 4, 5, 6, 3, 8, 7, 12): [8, 13, 15, 16, 39]
(3, 10, 11, 0, 9, 2, 1, 4, 5, 6, 13, 8, 7, 12): [9, 12, 16, 16, 39]
(1, 10, 13, 0, 9, 2, 3, 4, 11, 6, 5, 8, 7, 12): [9, 12, 16, 16, 39]
(3, 10, 9, 0, 1, 2, 11, 4, 13, 6, 7, 8, 5, 12): [9, 12, 16, 16, 39]
(3, 12, 7, 0, 1, 2, 13, 4, 11, 6, 5, 8, 9, 10): [8, 13, 16, 16, 39]
(1, 10, 9, 0, 5, 2, 3, 4, 11, 6, 13, 8, 7, 12): [8, 13, 16, 16, 39]
(3, 12, 13, 0, 9, 2, 1, 4, 11, 6, 7, 8, 5, 10): [8, 13, 16, 16, 39]
(1, 8, 5, 0, 11, 2, 7, 4, 13, 6, 9, 12, 3, 10): [8, 13, 16, 16, 39]
(1, 8, 9, 0, 7, 2, 11, 4, 13, 6, 3, 10, 5, 12): [8, 13, 16, 16, 39]
(1, 8, 7, 0, 11, 2, 9, 4, 13, 6, 3, 10, 5, 12): [8, 13, 16, 16, 39]
(3, 8, 11, 0, 9, 2, 13, 4, 5, 6, 7, 10, 1, 12): [8, 13, 16, 16, 39]
(1, 10, 5, 0, 11, 2, 7, 4, 3, 6, 13, 8, 9, 12): [8, 13, 16, 16, 39]
(1, 12, 5, 0, 11, 2, 7, 4, 3, 6, 13, 8, 9, 10): [9, 13, 16, 16, 39]
(3, 4, 7, 0, 11, 2, 13, 8, 9, 6, 5, 10, 1, 12): [9, 13, 16, 16, 39]
(1, 12, 5, 0, 11, 2, 3, 4, 9, 6, 13, 8, 7, 10): [9, 13, 16, 16, 39]
(3, 6, 7, 0, 9, 2, 13, 4, 1, 12, 11, 8, 5, 10): [9, 13, 16, 16, 39]
(1, 4, 7, 0, 11, 2, 13, 10, 5, 6, 3, 8, 9, 12): [9, 13, 16, 16, 39]
(1, 8, 9, 0, 7, 2, 3, 4, 11, 6, 5, 12, 13, 10): [9, 13, 16, 16, 39]
(3, 4, 11, 0, 7, 2, 1, 8, 13, 6, 9, 10, 5, 12): [9, 13, 16, 16, 39]
(1, 8, 11, 0, 7, 2, 13, 4, 5, 6, 9, 12, 3, 10): [9, 13, 16, 16, 39]
(1, 10, 11, 0, 9, 2, 3, 4, 13, 6, 5, 8, 7, 12): [9, 13, 16, 16, 39]
(1, 6, 5, 0, 13, 2, 9, 4, 3, 10, 7, 8, 11, 12): [9, 13, 16, 16, 39]
(3, 6, 9, 0, 1, 2, 11, 4, 7, 12, 5, 8, 13, 10): [9, 13, 16, 16, 39]
(3, 10, 11, 0, 9, 2, 1, 4, 13, 6, 7, 8, 5, 12): [9, 13, 16, 16, 39]
(1, 10, 7, 0, 13, 2, 11, 4, 5, 6, 3, 8, 9, 12): [9, 13, 16, 16, 39]
(1, 12, 7, 0, 13, 2, 9, 4, 3, 6, 11, 8, 5, 10): [9, 13, 16, 16, 39]
(5, 6, 9, 0, 11, 2, 13, 4, 3, 8, 7, 10, 1, 12): [9, 13, 16, 16, 39]
(1, 8, 5, 0, 11, 2, 7, 4, 13, 6, 3, 12, 9, 10): [9, 13, 16, 16, 39]
(1, 6, 5, 0, 9, 2, 13, 4, 3, 10, 11, 8, 7, 12): [9, 13, 16, 16, 39]
(1, 10, 5, 0, 11, 2, 9, 4, 13, 6, 7, 8, 3, 12): [9, 13, 16, 16, 39]
(1, 10, 5, 0, 9, 2, 3, 4, 11, 6, 13, 8, 7, 12): [9, 13, 16, 16, 39]
(1, 8, 7, 0, 5, 2, 11, 4, 3, 6, 9, 12, 13, 10): [9, 13, 16, 16, 39]
(3, 4, 11, 0, 13, 2, 1, 8, 9, 6, 7, 10, 5, 12): [9, 13, 16, 16, 39]
(1, 10, 5, 0, 13, 2, 11, 4, 3, 6, 7, 8, 9, 12): [9, 13, 16, 16, 39]
(7, 8, 9, 0, 11, 2, 3, 4, 13, 6, 1, 10, 5, 12): [9, 13, 16, 16, 39]
(1, 6, 13, 0, 7, 2, 9, 4, 5, 10, 11, 8, 3, 12): [9, 13, 16, 16, 39]
(1, 4, 7, 0, 11, 2, 9, 10, 13, 6, 3, 8, 5, 12): [9, 13, 16, 16, 39]
(1, 10, 7, 0, 13, 2, 3, 4, 11, 6, 5, 8, 9, 12): [9, 13, 16, 16, 39]
(1, 6, 9, 0, 7, 2, 11, 4, 13, 10, 3, 8, 5, 12): [9, 13, 16, 16, 39]
(3, 8, 11, 0, 1, 2, 9, 4, 13, 6, 7, 10, 5, 12): [9, 13, 16, 16, 39]
(1, 8, 5, 0, 11, 2, 9, 4, 13, 6, 3, 12, 7, 10): [9, 13, 16, 16, 39]
(3, 8, 9, 0, 7, 2, 11, 4, 13, 6, 1, 10, 5, 12): [9, 13, 16, 16, 39]
(3, 8, 7, 0, 1, 2, 11, 4, 13, 6, 5, 10, 9, 12): [9, 13, 16, 16, 39]
(3, 4, 11, 0, 7, 2, 5, 8, 13, 6, 9, 10, 1, 12): [9, 13, 16, 16, 39]
(1, 10, 9, 0, 7, 2, 3, 4, 11, 6, 13, 8, 5, 12): [9, 13, 16, 16, 39]
(3, 4, 7, 0, 11, 2, 5, 8, 13, 6, 9, 10, 1, 12): [9, 13, 16, 16, 39]
(3, 10, 9, 0, 1, 2, 11, 4, 5, 6, 13, 8, 7, 12): [9, 13, 16, 16, 39]
(3, 6, 13, 0, 1, 2, 9, 4, 5, 10, 11, 8, 7, 12): [9, 13, 16, 16, 39]
(5, 8, 11, 0, 1, 2, 3, 4, 13, 6, 9, 10, 7, 12): [9, 13, 16, 16, 39]
(1, 10, 5, 0, 9, 2, 13, 4, 11, 6, 7, 8, 3, 12): [9, 13, 16, 16, 39]
(1, 12, 5, 0, 9, 2, 13, 4, 3, 6, 11, 8, 7, 10): [9, 13, 16, 16, 39]
(1, 10, 11, 0, 9, 2, 13, 4, 3, 6, 7, 8, 5, 12): [9, 13, 16, 16, 39]
(1, 8, 11, 0, 7, 2, 3, 4, 13, 6, 9, 12, 5, 10): [9, 13, 16, 16, 39]
(1, 6, 9, 0, 13, 2, 3, 4, 5, 12, 11, 8, 7, 10): [9, 13, 16, 16, 39]
(3, 4, 7, 0, 11, 2, 9, 10, 13, 6, 5, 8, 1, 12): [9, 13, 16, 16, 39]
(3, 8, 9, 0, 11, 2, 1, 4, 13, 6, 5, 10, 7, 12): [9, 13, 16, 16, 39]
(5, 8, 9, 0, 11, 2, 1, 4, 13, 6, 7, 10, 3, 12): [9, 13, 16, 16, 39]
(1, 8, 9, 0, 7, 2, 11, 4, 5, 6, 3, 12, 13, 10): [9, 13, 16, 16, 39]
(1, 10, 9, 0, 13, 2, 3, 4, 11, 6, 7, 8, 5, 12): [9, 13, 16, 16, 39]
(1, 12, 7, 0, 9, 2, 13, 4, 3, 6, 11, 8, 5, 10): [9, 14, 16, 16, 39]
(1, 8, 9, 0, 11, 2, 7, 4, 13, 6, 3, 12, 5, 10): [9, 14, 16, 16, 39]
(1, 12, 5, 0, 9, 2, 13, 4, 11, 6, 7, 8, 3, 10): [9, 13, 17, 16, 39]
(3, 10, 7, 0, 1, 2, 13, 4, 11, 6, 5, 8, 9, 12): [9, 13, 17, 16, 39]
(1, 12, 13, 0, 7, 2, 11, 4, 3, 6, 5, 8, 9, 10): [9, 13, 17, 16, 39]
(7, 4, 11, 0, 9, 2, 3, 10, 1, 6, 13, 8, 5, 12): [9, 13, 17, 16, 39]
(1, 8, 9, 0, 11, 2, 13, 4, 5, 6, 3, 10, 7, 12): [9, 13, 17, 16, 39]
(3, 4, 7, 0, 11, 2, 5, 10, 1, 6, 13, 8, 9, 12): [9, 13, 17, 16, 39]
(1, 6, 7, 0, 13, 2, 9, 4, 5, 10, 11, 8, 3, 12): [9, 13, 17, 16, 39]
(1, 12, 7, 0, 13, 2, 11, 4, 5, 6, 3, 8, 9, 10): [9, 13, 17, 16, 39]
(3, 6, 9, 0, 11, 2, 13, 4, 7, 8, 5, 10, 1, 12): [9, 13, 16, 17, 39]
(1, 8, 5, 0, 11, 2, 7, 4, 3, 6, 9, 12, 13, 10): [9, 13, 16, 17, 39]
(3, 4, 7, 0, 9, 2, 11, 8, 1, 6, 5, 12, 13, 10): [9, 13, 16, 17, 39]
(3, 10, 9, 0, 11, 2, 13, 4, 1, 6, 5, 8, 7, 12): [9, 13, 16, 17, 39]
(1, 6, 9, 0, 5, 2, 13, 4, 3, 10, 7, 8, 11, 12): [9, 13, 17, 17, 39]
(1, 10, 5, 0, 11, 2, 13, 4, 3, 6, 7, 8, 9, 12): [9, 13, 17, 17, 39]
(3, 8, 7, 0, 1, 2, 11, 4, 13, 6, 9, 10, 5, 12): [9, 13, 17, 17, 39]
(1, 6, 9, 0, 5, 2, 11, 4, 7, 12, 3, 8, 13, 10): [9, 13, 17, 17, 39]
(1, 4, 7, 0, 11, 2, 13, 8, 3, 6, 5, 12, 9, 10): [9, 13, 17, 17, 39]
(3, 6, 9, 0, 1, 2, 11, 4, 13, 10, 5, 8, 7, 12): [9, 13, 17, 17, 39]
(1, 12, 9, 0, 5, 2, 13, 4, 11, 6, 7, 8, 3, 10): [9, 13, 17, 17, 39]
(3, 8, 11, 0, 1, 2, 13, 4, 5, 6, 7, 10, 9, 12): [9, 13, 17, 17, 39]
(1, 10, 5, 0, 13, 2, 3, 4, 11, 6, 7, 8, 9, 12): [9, 13, 17, 17, 39]
(3, 4, 7, 0, 11, 2, 5, 10, 13, 6, 1, 8, 9, 12): [9, 13, 17, 17, 39]
(3, 10, 11, 0, 9, 2, 13, 4, 1, 6, 5, 8, 7, 12): [9, 13, 17, 17, 39]
(3, 10, 9, 0, 1, 2, 13, 4, 11, 6, 7, 8, 5, 12): [9, 13, 17, 17, 39]
(5, 10, 9, 0, 1, 2, 11, 4, 3, 6, 13, 8, 7, 12): [9, 13, 17, 17, 39]
(3, 4, 7, 0, 11, 2, 5, 8, 13, 6, 9, 12, 1, 10): [9, 13, 17, 17, 39]
(3, 8, 9, 0, 11, 2, 1, 4, 13, 6, 7, 10, 5, 12): [9, 13, 17, 17, 39]
(1, 10, 11, 0, 7, 2, 3, 4, 13, 6, 5, 8, 9, 12): [9, 13, 17, 17, 39]
(1, 12, 3, 0, 11, 2, 9, 4, 13, 6, 7, 8, 5, 10): [9, 13, 17, 17, 39]
(1, 10, 5, 0, 9, 2, 7, 4, 13, 6, 3, 8, 11, 12): [9, 13, 17, 17, 39]
(1, 12, 3, 0, 9, 2, 13, 4, 11, 6, 7, 8, 5, 10): [9, 13, 17, 17, 39]
(1, 4, 11, 0, 7, 2, 13, 8, 5, 6, 9, 10, 3, 12): [9, 13, 17, 17, 39]
(1, 6, 9, 0, 5, 2, 11, 4, 3, 10, 13, 8, 7, 12): [9, 13, 17, 17, 39]
(1, 12, 7, 0, 5, 2, 11, 4, 3, 6, 13, 8, 9, 10): [9, 13, 17, 17, 39]
(1, 6, 5, 0, 9, 2, 13, 4, 3, 10, 7, 8, 11, 12): [9, 13, 17, 17, 39]
(1, 12, 9, 0, 13, 2, 3, 4, 11, 6, 7, 8, 5, 10): [9, 13, 17, 17, 39]
(1, 4, 7, 0, 11, 2, 5, 8, 13, 6, 9, 12, 3, 10): [9, 13, 17, 17, 39]
(1, 10, 9, 0, 7, 2, 11, 4, 13, 6, 3, 8, 5, 12): [9, 13, 17, 17, 39]
(1, 12, 7, 0, 5, 2, 13, 4, 11, 6, 3, 8, 9, 10): [9, 13, 17, 17, 39]
(3, 8, 7, 0, 11, 2, 1, 4, 5, 6, 9, 12, 13, 10): [9, 13, 17, 17, 39]
(3, 8, 11, 0, 9, 2, 13, 4, 5, 6, 1, 12, 7, 10): [9, 13, 17, 17, 39]
(1, 4, 11, 0, 7, 2, 5, 8, 13, 6, 9, 10, 3, 12): [9, 13, 17, 17, 39]
(3, 6, 9, 0, 1, 2, 13, 4, 7, 10, 11, 8, 5, 12): [9, 13, 17, 17, 39]
(1, 6, 5, 0, 9, 2, 3, 4, 7, 10, 13, 8, 11, 12): [9, 13, 17, 17, 39]
(3, 6, 7, 0, 9, 2, 13, 4, 5, 10, 11, 8, 1, 12): [9, 13, 17, 17, 39]
(1, 10, 5, 0, 9, 2, 11, 4, 13, 6, 3, 8, 7, 12): [9, 13, 17, 17, 39]
(1, 6, 3, 0, 9, 2, 11, 4, 13, 10, 5, 8, 7, 12): [9, 13, 17, 17, 39]
(3, 10, 9, 0, 11, 2, 13, 4, 1, 6, 7, 8, 5, 12): [9, 13, 17, 17, 39]
(5, 6, 9, 0, 1, 2, 11, 4, 3, 10, 13, 8, 7, 12): [9, 13, 17, 17, 39]
(1, 4, 7, 0, 11, 2, 9, 10, 13, 6, 5, 8, 3, 12): [9, 13, 17, 17, 39]
(3, 12, 7, 0, 11, 2, 1, 4, 13, 6, 5, 8, 9, 10): [9, 13, 17, 17, 39]
(1, 6, 7, 0, 9, 2, 13, 4, 11, 12, 3, 8, 5, 10): [9, 13, 17, 17, 39]
(1, 8, 9, 0, 7, 2, 11, 4, 3, 6, 5, 12, 13, 10): [9, 13, 17, 17, 39]
(1, 12, 3, 0, 13, 2, 9, 4, 11, 6, 5, 8, 7, 10): [9, 13, 17, 17, 39]
(1, 6, 9, 0, 7, 2, 11, 4, 13, 10, 5, 8, 3, 12): [9, 13, 17, 17, 39]
(3, 8, 7, 0, 1, 2, 11, 4, 5, 6, 9, 12, 13, 10): [9, 13, 17, 17, 39]
(1, 10, 11, 0, 13, 2, 9, 4, 3, 6, 5, 8, 7, 12): [9, 13, 17, 17, 39]
(1, 10, 7, 0, 13, 2, 3, 4, 9, 6, 5, 8, 11, 12): [9, 13, 17, 17, 39]
(1, 12, 13, 0, 7, 2, 3, 4, 11, 6, 5, 8, 9, 10): [9, 13, 17, 17, 39]
(1, 4, 7, 0, 11, 2, 3, 8, 13, 6, 9, 10, 5, 12): [9, 13, 17, 17, 39]
(1, 4, 7, 0, 13, 2, 3, 10, 11, 6, 5, 8, 9, 12): [9, 13, 17, 17, 39]
(3, 8, 5, 0, 11, 2, 1, 4, 13, 6, 9, 10, 7, 12): [9, 13, 17, 17, 39]
(5, 6, 9, 0, 11, 2, 13, 4, 7, 8, 1, 10, 3, 12): [9, 13, 17, 17, 39]
(1, 8, 11, 0, 7, 2, 13, 4, 3, 6, 5, 10, 9, 12): [9, 13, 17, 17, 39]
(1, 12, 13, 0, 9, 2, 3, 4, 11, 6, 7, 8, 5, 10): [10, 13, 17, 17, 39]
(3, 8, 11, 0, 9, 2, 13, 4, 5, 6, 1, 10, 7, 12): [10, 13, 17, 17, 39]
(1, 6, 9, 0, 7, 2, 13, 4, 11, 12, 5, 8, 3, 10): [10, 13, 17, 17, 39]
(1, 8, 7, 0, 5, 2, 11, 4, 13, 6, 9, 10, 3, 12): [10, 13, 17, 17, 39]
(1, 8, 5, 0, 9, 2, 11, 4, 3, 6, 7, 12, 13, 10): [10, 13, 17, 17, 39]
(1, 6, 9, 0, 7, 2, 13, 4, 3, 10, 11, 8, 5, 12): [10, 13, 17, 17, 39]
(1, 10, 9, 0, 11, 2, 7, 4, 13, 6, 3, 8, 5, 12): [10, 13, 17, 17, 39]
(5, 6, 9, 0, 11, 2, 13, 4, 3, 8, 1, 10, 7, 12): [10, 13, 17, 17, 39]
(3, 10, 9, 0, 1, 2, 11, 4, 13, 6, 5, 8, 7, 12): [10, 13, 17, 17, 39]
(1, 8, 11, 0, 5, 2, 13, 4, 3, 6, 7, 10, 9, 12): [10, 13, 17, 17, 39]
(3, 8, 7, 0, 1, 2, 11, 4, 5, 6, 13, 10, 9, 12): [9, 14, 17, 17, 39]
(3, 8, 9, 0, 11, 2, 1, 4, 5, 6, 13, 10, 7, 12): [9, 14, 17, 17, 39]
(1, 8, 11, 0, 9, 2, 3, 4, 5, 6, 13, 10, 7, 12): [9, 14, 17, 17, 39]
(1, 12, 9, 0, 5, 2, 3, 4, 11, 6, 13, 8, 7, 10): [9, 14, 17, 17, 39]
(3, 8, 5, 0, 9, 2, 1, 4, 11, 6, 13, 10, 7, 12): [9, 14, 17, 17, 39]
(3, 4, 7, 0, 11, 2, 13, 8, 1, 6, 5, 12, 9, 10): [9, 14, 17, 17, 39]
(3, 4, 7, 0, 11, 2, 13, 8, 1, 6, 5, 10, 9, 12): [9, 14, 17, 17, 39]
(1, 8, 11, 0, 13, 2, 3, 4, 5, 6, 9, 10, 7, 12): [10, 14, 17, 17, 39]
(3, 4, 7, 0, 11, 2, 5, 8, 13, 6, 1, 10, 9, 12): [10, 14, 17, 17, 39]
(1, 4, 5, 0, 7, 2, 11, 8, 3, 6, 9, 12, 13, 10): [10, 14, 17, 17, 39]
(1, 4, 5, 0, 11, 2, 3, 8, 13, 6, 7, 10, 9, 12): [10, 14, 17, 17, 39]
(1, 4, 7, 0, 11, 2, 5, 8, 9, 6, 3, 12, 13, 10): [10, 14, 17, 17, 39]
(3, 10, 9, 0, 7, 2, 13, 4, 1, 6, 5, 8, 11, 12): [10, 14, 17, 17, 39]
(1, 6, 5, 0, 13, 2, 9, 4, 7, 10, 3, 8, 11, 12): [8, 13, 15, 15, 38]
(1, 8, 7, 0, 11, 2, 13, 4, 5, 6, 3, 10, 9, 12): [8, 13, 15, 15, 38]
(1, 10, 11, 0, 9, 2, 7, 4, 13, 6, 5, 8, 3, 12): [8, 13, 15, 15, 38]
(1, 8, 5, 0, 9, 2, 3, 4, 11, 6, 7, 12, 13, 10): [8, 13, 15, 15, 38]
(1, 8, 7, 0, 11, 2, 9, 4, 5, 6, 3, 12, 13, 10): [8, 13, 15, 15, 38]
(3, 8, 9, 0, 11, 2, 13, 4, 5, 6, 1, 10, 7, 12): [8, 13, 15, 15, 38]
(3, 8, 11, 0, 1, 2, 13, 4, 5, 6, 9, 10, 7, 12): [8, 13, 15, 15, 38]
(1, 6, 9, 0, 7, 2, 11, 4, 3, 10, 13, 8, 5, 12): [8, 13, 15, 15, 38]
(1, 10, 5, 0, 9, 2, 13, 4, 3, 6, 7, 8, 11, 12): [9, 12, 16, 16, 38]
(1, 10, 9, 0, 11, 2, 13, 4, 3, 6, 7, 8, 5, 12): [9, 13, 16, 16, 38]
(1, 10, 5, 0, 11, 2, 3, 4, 9, 6, 13, 8, 7, 12): [9, 13, 16, 16, 38]
(3, 6, 9, 0, 11, 2, 13, 4, 5, 10, 1, 8, 7, 12): [9, 13, 16, 16, 38]
(1, 6, 7, 0, 9, 2, 11, 4, 3, 10, 13, 8, 5, 12): [9, 13, 16, 16, 38]
(1, 10, 9, 0, 5, 2, 13, 4, 11, 6, 7, 8, 3, 12): [9, 13, 16, 16, 38]
(3, 8, 7, 0, 11, 2, 13, 4, 5, 6, 9, 10, 1, 12): [9, 13, 16, 16, 38]
(5, 6, 9, 0, 11, 2, 13, 4, 1, 8, 7, 10, 3, 12): [9, 13, 16, 16, 38]
(1, 8, 5, 0, 11, 2, 9, 4, 3, 6, 7, 12, 13, 10): [9, 13, 16, 16, 38]
(3, 8, 7, 0, 9, 2, 11, 4, 5, 6, 1, 12, 13, 10): [9, 13, 16, 16, 38]
(1, 4, 7, 0, 9, 2, 13, 10, 11, 6, 3, 8, 5, 12): [9, 13, 16, 16, 38]
(3, 4, 7, 0, 11, 2, 1, 8, 9, 6, 5, 12, 13, 10): [9, 13, 16, 16, 38]
(1, 8, 11, 0, 7, 2, 3, 4, 5, 6, 9, 12, 13, 10): [9, 13, 16, 16, 38]
(3, 8, 11, 0, 13, 2, 1, 4, 5, 6, 7, 10, 9, 12): [9, 13, 16, 16, 38]
(1, 10, 13, 0, 7, 2, 11, 4, 3, 6, 5, 8, 9, 12): [9, 13, 16, 16, 38]
(1, 12, 7, 0, 13, 2, 9, 4, 11, 6, 5, 8, 3, 10): [9, 13, 16, 16, 38]
(7, 4, 11, 0, 13, 2, 1, 8, 9, 6, 5, 10, 3, 12): [9, 13, 16, 16, 38]
(1, 4, 13, 0, 7, 2, 9, 10, 3, 6, 5, 8, 11, 12): [9, 13, 16, 16, 38]
(1, 12, 11, 0, 7, 2, 9, 4, 13, 6, 5, 8, 3, 10): [9, 13, 16, 16, 38]
(1, 6, 9, 0, 7, 2, 11, 4, 5, 12, 3, 8, 13, 10): [9, 13, 16, 16, 38]
(5, 8, 9, 0, 11, 2, 1, 4, 13, 6, 3, 10, 7, 12): [9, 13, 16, 16, 38]
(1, 8, 11, 0, 7, 2, 3, 4, 13, 6, 9, 10, 5, 12): [9, 13, 16, 16, 38]
(5, 10, 9, 0, 13, 2, 1, 4, 3, 6, 7, 8, 11, 12): [9, 13, 16, 16, 38]
(3, 8, 9, 0, 1, 2, 11, 4, 13, 6, 7, 10, 5, 12): [9, 13, 16, 16, 38]
(1, 4, 13, 0, 7, 2, 3, 10, 11, 6, 5, 8, 9, 12): [9, 13, 16, 16, 38]
(1, 10, 9, 0, 11, 2, 3, 4, 13, 6, 5, 8, 7, 12): [9, 13, 16, 16, 38]
(1, 12, 13, 0, 11, 2, 3, 4, 9, 6, 7, 8, 5, 10): [9, 13, 16, 16, 38]
(1, 6, 7, 0, 5, 2, 9, 4, 3, 10, 13, 8, 11, 12): [9, 13, 16, 16, 38]
(1, 8, 11, 0, 7, 2, 13, 4, 5, 6, 9, 10, 3, 12): [9, 13, 16, 16, 38]
(3, 10, 5, 0, 11, 2, 13, 4, 1, 6, 7, 8, 9, 12): [9, 13, 16, 16, 38]
(3, 4, 7, 0, 11, 2, 1, 8, 13, 6, 5, 10, 9, 12): [9, 13, 16, 16, 38]
(1, 12, 9, 0, 5, 2, 3, 4, 13, 6, 11, 8, 7, 10): [9, 13, 16, 16, 38]
(1, 6, 7, 0, 13, 2, 9, 4, 5, 10, 3, 8, 11, 12): [9, 13, 16, 16, 38]
(3, 8, 7, 0, 11, 2, 9, 4, 13, 6, 5, 10, 1, 12): [9, 13, 16, 16, 38]
(1, 10, 7, 0, 13, 2, 9, 4, 3, 6, 5, 8, 11, 12): [9, 13, 16, 16, 38]
(1, 6, 5, 0, 9, 2, 13, 4, 7, 12, 11, 8, 3, 10): [9, 13, 16, 16, 38]
(3, 10, 13, 0, 9, 2, 1, 4, 5, 6, 7, 8, 11, 12): [9, 13, 16, 16, 38]
(1, 8, 7, 0, 11, 2, 13, 4, 5, 6, 3, 12, 9, 10): [9, 13, 16, 16, 38]
(3, 10, 5, 0, 9, 2, 1, 4, 13, 6, 7, 8, 11, 12): [9, 13, 16, 16, 38]
(1, 6, 5, 0, 9, 2, 11, 4, 13, 10, 3, 8, 7, 12): [9, 14, 16, 16, 38]
(1, 8, 7, 0, 11, 2, 9, 4, 13, 6, 3, 12, 5, 10): [9, 14, 16, 16, 38]
(1, 10, 13, 0, 11, 2, 9, 4, 3, 6, 5, 8, 7, 12): [9, 14, 16, 16, 38]
(3, 6, 9, 0, 11, 2, 13, 4, 5, 8, 1, 10, 7, 12): [9, 13, 17, 16, 38]
(1, 4, 7, 0, 11, 2, 5, 10, 9, 6, 13, 8, 3, 12): [9, 13, 17, 16, 38]
(1, 8, 11, 0, 7, 2, 3, 4, 13, 6, 5, 12, 9, 10): [9, 13, 17, 16, 38]
(1, 8, 11, 0, 9, 2, 13, 4, 3, 6, 5, 12, 7, 10): [9, 13, 17, 16, 38]
(1, 8, 7, 0, 11, 2, 13, 4, 5, 6, 9, 10, 3, 12): [9, 13, 17, 16, 38]
(1, 8, 5, 0, 9, 2, 7, 4, 11, 6, 3, 12, 13, 10): [9, 13, 17, 16, 38]
(5, 6, 9, 0, 11, 2, 13, 4, 3, 10, 7, 8, 1, 12): [9, 13, 17, 16, 38]
(3, 6, 9, 0, 1, 2, 11, 4, 13, 10, 7, 8, 5, 12): [9, 13, 17, 16, 38]
(3, 10, 11, 0, 7, 2, 13, 4, 1, 6, 5, 8, 9, 12): [9, 13, 16, 17, 38]
(1, 12, 13, 0, 9, 2, 3, 4, 11, 6, 5, 8, 7, 10): [9, 13, 16, 17, 38]
(1, 12, 9, 0, 7, 2, 11, 4, 5, 6, 13, 8, 3, 10): [9, 13, 16, 17, 38]
(5, 6, 9, 0, 13, 2, 11, 4, 3, 10, 1, 8, 7, 12): [9, 13, 16, 17, 38]
(1, 8, 7, 0, 11, 2, 13, 4, 3, 6, 5, 12, 9, 10): [9, 13, 16, 17, 38]
(3, 4, 7, 0, 9, 2, 13, 10, 1, 6, 5, 8, 11, 12): [9, 13, 16, 17, 38]
(1, 6, 9, 0, 13, 2, 11, 4, 7, 10, 3, 8, 5, 12): [9, 12, 17, 17, 38]
(1, 8, 5, 0, 11, 2, 13, 4, 3, 6, 9, 10, 7, 12): [10, 12, 17, 17, 38]
(1, 10, 9, 0, 13, 2, 3, 4, 11, 6, 5, 8, 7, 12): [9, 13, 17, 17, 38]
(7, 4, 11, 0, 13, 2, 3, 8, 9, 6, 1, 10, 5, 12): [9, 13, 17, 17, 38]
(3, 8, 9, 0, 11, 2, 1, 4, 5, 6, 7, 12, 13, 10): [9, 13, 17, 17, 38]
(3, 4, 7, 0, 11, 2, 9, 10, 13, 6, 1, 8, 5, 12): [9, 13, 17, 17, 38]
(1, 6, 5, 0, 9, 2, 11, 4, 7, 10, 13, 8, 3, 12): [9, 13, 17, 17, 38]
(1, 10, 11, 0, 7, 2, 13, 4, 3, 6, 5, 8, 9, 12): [9, 13, 17, 17, 38]
(3, 10, 7, 0, 1, 2, 11, 4, 13, 6, 5, 8, 9, 12): [9, 13, 17, 17, 38]
(3, 8, 11, 0, 1, 2, 13, 4, 5, 6, 7, 12, 9, 10): [9, 13, 17, 17, 38]
(5, 8, 9, 0, 1, 2, 11, 4, 13, 6, 7, 10, 3, 12): [9, 13, 17, 17, 38]
(3, 10, 7, 0, 11, 2, 13, 4, 1, 6, 5, 8, 9, 12): [9, 13, 17, 17, 38]
(1, 10, 9, 0, 11, 2, 13, 4, 5, 6, 3, 8, 7, 12): [9, 13, 17, 17, 38]
(3, 8, 5, 0, 11, 2, 1, 4, 13, 6, 7, 10, 9, 12): [9, 13, 17, 17, 38]
(3, 6, 7, 0, 13, 2, 9, 4, 5, 10, 1, 8, 11, 12): [9, 13, 17, 17, 38]
(1, 12, 11, 0, 7, 2, 13, 4, 5, 6, 3, 8, 9, 10): [9, 13, 17, 17, 38]
(5, 6, 7, 0, 9, 2, 13, 4, 3, 10, 11, 8, 1, 12): [9, 13, 17, 17, 38]
(1, 6, 13, 0, 9, 2, 11, 4, 3, 10, 5, 8, 7, 12): [9, 13, 17, 17, 38]
(1, 6, 9, 0, 13, 2, 11, 4, 5, 10, 3, 8, 7, 12): [9, 13, 17, 17, 38]
(1, 4, 11, 0, 7, 2, 13, 8, 3, 6, 9, 10, 5, 12): [9, 13, 17, 17, 38]
(1, 8, 7, 0, 11, 2, 3, 4, 13, 6, 9, 10, 5, 12): [9, 13, 17, 17, 38]
(1, 10, 9, 0, 13, 2, 11, 4, 3, 6, 5, 8, 7, 12): [9, 13, 17, 17, 38]
(3, 4, 7, 0, 9, 2, 11, 8, 13, 6, 5, 10, 1, 12): [9, 13, 17, 17, 38]
(1, 8, 11, 0, 7, 2, 13, 4, 3, 6, 9, 12, 5, 10): [9, 13, 17, 17, 38]
(1, 8, 11, 0, 9, 2, 13, 4, 5, 6, 7, 10, 3, 12): [9, 13, 17, 17, 38]
(1, 6, 9, 0, 7, 2, 3, 4, 5, 10, 13, 8, 11, 12): [9, 13, 17, 17, 38]
(1, 12, 7, 0, 11, 2, 9, 4, 3, 6, 13, 8, 5, 10): [9, 13, 17, 17, 38]
(1, 4, 7, 0, 11, 2, 13, 8, 3, 6, 9, 10, 5, 12): [9, 13, 17, 17, 38]
(1, 4, 7, 0, 9, 2, 11, 8, 3, 6, 5, 12, 13, 10): [9, 13, 17, 17, 38]
(1, 10, 7, 0, 11, 2, 13, 4, 9, 6, 5, 8, 3, 12): [9, 13, 17, 17, 38]
(3, 8, 9, 0, 11, 2, 13, 4, 5, 6, 7, 12, 1, 10): [9, 13, 17, 17, 38]
(1, 10, 7, 0, 9, 2, 13, 4, 11, 6, 3, 8, 5, 12): [9, 13, 17, 17, 38]
(1, 10, 9, 0, 7, 2, 11, 4, 13, 6, 5, 8, 3, 12): [9, 13, 17, 17, 38]
(1, 6, 9, 0, 5, 2, 11, 4, 7, 10, 13, 8, 3, 12): [9, 13, 17, 17, 38]
(1, 8, 9, 0, 11, 2, 13, 4, 3, 6, 7, 12, 5, 10): [9, 13, 17, 17, 38]
(1, 4, 7, 0, 11, 2, 3, 10, 9, 6, 13, 8, 5, 12): [9, 13, 17, 17, 38]
(3, 6, 13, 0, 1, 2, 9, 4, 7, 10, 11, 8, 5, 12): [9, 13, 17, 17, 38]
(1, 6, 7, 0, 5, 2, 9, 4, 3, 12, 11, 8, 13, 10): [9, 13, 17, 17, 38]
(1, 6, 7, 0, 13, 2, 9, 4, 3, 10, 11, 8, 5, 12): [9, 13, 17, 17, 38]
(3, 4, 7, 0, 11, 2, 13, 10, 1, 6, 5, 8, 9, 12): [9, 13, 17, 17, 38]
(5, 6, 9, 0, 1, 2, 13, 4, 7, 10, 11, 8, 3, 12): [9, 13, 17, 17, 38]
(1, 4, 7, 0, 11, 2, 5, 8, 13, 6, 9, 10, 3, 12): [9, 13, 17, 17, 38]
(1, 10, 7, 0, 11, 2, 3, 4, 9, 6, 13, 8, 5, 12): [9, 13, 17, 17, 38]
(1, 12, 5, 0, 11, 2, 13, 4, 9, 6, 3, 8, 7, 10): [9, 13, 17, 17, 38]
(3, 12, 7, 0, 13, 2, 11, 4, 1, 6, 5, 8, 9, 10): [9, 13, 17, 17, 38]
(5, 6, 9, 0, 13, 2, 11, 4, 3, 12, 1, 8, 7, 10): [9, 13, 17, 17, 38]
(1, 8, 11, 0, 7, 2, 9, 4, 3, 6, 5, 12, 13, 10): [9, 13, 17, 17, 38]
(1, 10, 13, 0, 9, 2, 11, 4, 5, 6, 3, 8, 7, 12): [9, 13, 17, 17, 38]
(1, 10, 7, 0, 11, 2, 9, 4, 13, 6, 3, 8, 5, 12): [9, 13, 17, 17, 38]
(5, 8, 9, 0, 11, 2, 1, 4, 13, 6, 7, 12, 3, 10): [9, 13, 17, 17, 38]
(1, 6, 9, 0, 13, 2, 3, 4, 5, 10, 7, 8, 11, 12): [9, 13, 17, 17, 38]
(1, 4, 7, 0, 11, 2, 9, 10, 5, 6, 13, 8, 3, 12): [9, 13, 17, 17, 38]
(1, 6, 9, 0, 5, 2, 13, 4, 7, 10, 3, 8, 11, 12): [9, 13, 17, 17, 38]
(1, 8, 11, 0, 7, 2, 13, 4, 3, 6, 5, 12, 9, 10): [9, 13, 17, 17, 38]
(3, 12, 9, 0, 13, 2, 11, 4, 5, 6, 1, 8, 7, 10): [9, 13, 17, 17, 38]
(3, 10, 7, 0, 9, 2, 1, 4, 5, 6, 13, 8, 11, 12): [10, 13, 17, 17, 38]
(1, 6, 5, 0, 9, 2, 13, 4, 3, 12, 11, 8, 7, 10): [10, 13, 17, 17, 38]
(1, 8, 7, 0, 11, 2, 9, 4, 13, 6, 5, 10, 3, 12): [10, 13, 17, 17, 38]
(1, 6, 13, 0, 9, 2, 3, 4, 5, 10, 11, 8, 7, 12): [10, 13, 17, 17, 38]
(1, 8, 5, 0, 11, 2, 3, 4, 13, 6, 7, 10, 9, 12): [10, 13, 17, 17, 38]
(1, 8, 7, 0, 11, 2, 9, 4, 3, 6, 5, 12, 13, 10): [10, 13, 17, 17, 38]
(3, 10, 11, 0, 9, 2, 1, 4, 13, 6, 5, 8, 7, 12): [10, 13, 17, 17, 38]
(1, 12, 11, 0, 9, 2, 13, 4, 3, 6, 7, 8, 5, 10): [10, 13, 17, 17, 38]
(3, 4, 7, 0, 11, 2, 13, 8, 5, 6, 9, 10, 1, 12): [10, 13, 17, 17, 38]
(1, 12, 9, 0, 13, 2, 11, 4, 5, 6, 3, 8, 7, 10): [10, 13, 17, 17, 38]
(1, 8, 11, 0, 7, 2, 9, 4, 13, 6, 5, 12, 3, 10): [10, 13, 17, 17, 38]
(1, 8, 7, 0, 11, 2, 9, 4, 13, 6, 5, 12, 3, 10): [10, 13, 17, 17, 38]
(1, 12, 13, 0, 7, 2, 11, 4, 5, 6, 3, 8, 9, 10): [10, 13, 17, 17, 38]
(1, 6, 7, 0, 9, 2, 13, 4, 5, 10, 11, 8, 3, 12): [10, 13, 17, 17, 38]
(1, 8, 5, 0, 9, 2, 11, 4, 13, 6, 7, 10, 3, 12): [10, 13, 17, 17, 38]
(3, 12, 13, 0, 9, 2, 11, 4, 5, 6, 1, 8, 7, 10): [9, 14, 17, 17, 38]
(1, 10, 13, 0, 9, 2, 3, 4, 5, 6, 7, 8, 11, 12): [9, 14, 17, 17, 38]
(1, 10, 5, 0, 9, 2, 11, 4, 13, 6, 7, 8, 3, 12): [9, 14, 17, 17, 38]
(1, 12, 3, 0, 9, 2, 13, 4, 11, 6, 5, 8, 7, 10): [9, 14, 17, 17, 38]
(7, 4, 9, 0, 11, 2, 3, 6, 1, 8, 13, 10, 5, 12): [9, 14, 17, 17, 38]
(3, 4, 7, 0, 9, 2, 11, 8, 1, 6, 13, 10, 5, 12): [9, 14, 17, 17, 38]
(3, 12, 7, 0, 1, 2, 11, 4, 13, 6, 5, 8, 9, 10): [9, 14, 17, 17, 38]
(5, 6, 7, 0, 1, 2, 9, 4, 13, 10, 3, 8, 11, 12): [9, 14, 17, 17, 38]
(5, 10, 11, 0, 9, 2, 13, 4, 3, 6, 7, 8, 1, 12): [10, 14, 17, 17, 38]
(1, 10, 3, 0, 11, 2, 7, 4, 5, 6, 13, 8, 9, 12): [10, 14, 17, 17, 38]
(1, 6, 9, 0, 7, 2, 3, 4, 13, 10, 11, 8, 5, 12): [10, 14, 17, 17, 38]
(3, 4, 11, 0, 7, 2, 1, 8, 13, 6, 5, 10, 9, 12): [10, 14, 17, 17, 38]
(1, 6, 5, 0, 9, 2, 13, 4, 7, 10, 11, 8, 3, 12): [10, 14, 17, 17, 38]
(3, 6, 13, 0, 9, 2, 11, 4, 5, 10, 1, 8, 7, 12): [10, 14, 17, 17, 38]
(1, 4, 11, 0, 7, 2, 3, 8, 13, 6, 5, 10, 9, 12): [10, 14, 17, 17, 38]
(3, 4, 7, 0, 9, 2, 5, 8, 11, 6, 1, 12, 13, 10): [10, 14, 17, 17, 38]
(1, 6, 13, 0, 7, 2, 9, 4, 3, 10, 11, 8, 5, 12): [10, 14, 17, 17, 38]
(5, 10, 9, 0, 13, 2, 3, 4, 1, 6, 7, 8, 11, 12): [10, 14, 17, 17, 38]
(1, 6, 9, 0, 7, 2, 13, 4, 5, 10, 11, 8, 3, 12): [10, 14, 17, 17, 38]
(1, 4, 7, 0, 11, 2, 5, 8, 13, 6, 3, 10, 9, 12): [10, 14, 17, 17, 38]
(3, 10, 5, 0, 13, 2, 11, 4, 1, 6, 7, 8, 9, 12): [10, 14, 17, 17, 38]
(1, 6, 7, 0, 9, 2, 11, 4, 3, 8, 13, 10, 5, 12): [10, 14, 17, 17, 38]
(3, 8, 7, 0, 11, 2, 9, 4, 13, 6, 1, 12, 5, 10): [8, 13, 16, 16, 37]
(1, 8, 5, 0, 9, 2, 11, 4, 13, 6, 3, 10, 7, 12): [8, 13, 16, 16, 37]
(3, 6, 9, 0, 13, 2, 11, 4, 7, 12, 5, 8, 1, 10): [8, 13, 16, 16, 37]
(3, 12, 11, 0, 9, 2, 1, 4, 13, 6, 7, 8, 5, 10): [8, 13, 16, 16, 37]
(3, 12, 11, 0, 7, 2, 1, 4, 13, 6, 5, 8, 9, 10): [8, 13, 16, 16, 37]
(1, 10, 5, 0, 11, 2, 13, 4, 9, 6, 7, 8, 3, 12): [8, 13, 16, 16, 37]
(1, 10, 13, 0, 7, 2, 11, 4, 5, 6, 3, 8, 9, 12): [9, 13, 16, 16, 37]
(3, 10, 9, 0, 13, 2, 11, 4, 5, 6, 7, 8, 1, 12): [9, 13, 16, 16, 37]
(3, 8, 5, 0, 9, 2, 1, 4, 11, 6, 7, 12, 13, 10): [9, 13, 16, 16, 37]
(3, 4, 7, 0, 11, 2, 5, 8, 13, 6, 1, 12, 9, 10): [9, 13, 16, 16, 37]
(5, 6, 9, 0, 11, 2, 13, 4, 7, 8, 3, 10, 1, 12): [9, 13, 16, 16, 37]
(3, 8, 11, 0, 9, 2, 1, 4, 5, 6, 7, 12, 13, 10): [9, 13, 16, 16, 37]
(1, 12, 7, 0, 5, 2, 13, 4, 3, 6, 11, 8, 9, 10): [9, 13, 16, 16, 37]
(3, 10, 5, 0, 11, 2, 1, 4, 13, 6, 7, 8, 9, 12): [9, 13, 16, 16, 37]
(3, 8, 7, 0, 11, 2, 1, 4, 13, 6, 5, 12, 9, 10): [9, 13, 16, 16, 37]
(3, 6, 9, 0, 13, 2, 11, 4, 7, 10, 1, 8, 5, 12): [9, 13, 16, 16, 37]
(1, 10, 9, 0, 7, 2, 3, 4, 13, 6, 5, 8, 11, 12): [9, 13, 16, 16, 37]
(1, 8, 5, 0, 9, 2, 11, 4, 13, 6, 3, 12, 7, 10): [9, 14, 16, 16, 37]
(1, 4, 7, 0, 11, 2, 5, 8, 3, 6, 9, 12, 13, 10): [9, 13, 17, 16, 37]
(5, 8, 7, 0, 1, 2, 11, 4, 13, 6, 3, 10, 9, 12): [9, 13, 17, 16, 37]
(7, 4, 9, 0, 11, 2, 1, 8, 13, 6, 3, 10, 5, 12): [9, 13, 17, 16, 37]
(3, 10, 7, 0, 11, 2, 1, 4, 13, 6, 5, 8, 9, 12): [9, 13, 17, 16, 37]
(3, 4, 7, 0, 11, 2, 5, 8, 1, 6, 9, 12, 13, 10): [9, 13, 17, 16, 37]
(1, 8, 9, 0, 11, 2, 7, 4, 13, 6, 5, 12, 3, 10): [9, 14, 17, 16, 37]
(1, 8, 11, 0, 9, 2, 3, 4, 13, 6, 7, 10, 5, 12): [9, 13, 16, 17, 37]
(5, 8, 7, 0, 11, 2, 3, 4, 13, 6, 9, 10, 1, 12): [9, 13, 16, 17, 37]
(1, 6, 7, 0, 9, 2, 13, 4, 5, 12, 11, 8, 3, 10): [9, 13, 16, 17, 37]
(1, 8, 7, 0, 5, 2, 11, 4, 13, 6, 9, 12, 3, 10): [9, 13, 16, 17, 37]
(3, 6, 7, 0, 9, 2, 13, 4, 5, 10, 1, 8, 11, 12): [9, 13, 16, 17, 37]
(7, 4, 11, 0, 13, 2, 1, 8, 5, 6, 9, 10, 3, 12): [9, 13, 16, 17, 37]
(1, 4, 7, 0, 9, 2, 5, 8, 11, 6, 3, 12, 13, 10): [9, 13, 16, 17, 37]
(1, 8, 11, 0, 7, 2, 13, 4, 5, 6, 3, 12, 9, 10): [9, 13, 16, 17, 37]
(1, 12, 11, 0, 9, 2, 3, 4, 13, 6, 7, 8, 5, 10): [9, 13, 16, 17, 37]
(7, 4, 9, 0, 11, 2, 13, 8, 5, 6, 3, 10, 1, 12): [9, 13, 16, 17, 37]
(1, 4, 7, 0, 11, 2, 13, 10, 9, 6, 3, 8, 5, 12): [9, 13, 16, 17, 37]
(5, 8, 7, 0, 11, 2, 3, 4, 13, 6, 1, 10, 9, 12): [9, 13, 16, 17, 37]
(7, 4, 11, 0, 9, 2, 5, 10, 3, 6, 13, 8, 1, 12): [9, 13, 16, 17, 37]
(1, 8, 9, 0, 5, 2, 11, 4, 13, 6, 7, 12, 3, 10): [9, 14, 16, 17, 37]
(1, 8, 11, 0, 7, 2, 13, 4, 3, 6, 9, 10, 5, 12): [10, 12, 17, 17, 37]
(1, 10, 3, 0, 9, 2, 11, 4, 13, 6, 5, 8, 7, 12): [9, 13, 17, 17, 37]
(3, 8, 5, 0, 9, 2, 11, 4, 13, 6, 1, 10, 7, 12): [9, 13, 17, 17, 37]
(3, 8, 9, 0, 7, 2, 11, 4, 13, 6, 5, 10, 1, 12): [9, 13, 17, 17, 37]
(1, 12, 13, 0, 11, 2, 9, 4, 3, 6, 7, 8, 5, 10): [9, 13, 17, 17, 37]
(3, 6, 7, 0, 9, 2, 13, 4, 11, 12, 5, 8, 1, 10): [9, 13, 17, 17, 37]
(1, 4, 7, 0, 13, 2, 9, 10, 5, 6, 3, 8, 11, 12): [9, 13, 17, 17, 37]
(1, 10, 7, 0, 11, 2, 9, 4, 3, 6, 13, 8, 5, 12): [9, 13, 17, 17, 37]
(1, 4, 7, 0, 11, 2, 13, 8, 5, 6, 3, 12, 9, 10): [9, 13, 17, 17, 37]
(3, 4, 7, 0, 11, 2, 1, 8, 13, 6, 9, 12, 5, 10): [9, 13, 17, 17, 37]
(1, 12, 5, 0, 9, 2, 3, 4, 13, 6, 11, 8, 7, 10): [9, 13, 17, 17, 37]
(1, 8, 5, 0, 7, 2, 11, 4, 3, 6, 9, 12, 13, 10): [9, 13, 17, 17, 37]
(1, 6, 13, 0, 9, 2, 11, 4, 7, 10, 3, 8, 5, 12): [9, 13, 17, 17, 37]
(1, 10, 11, 0, 9, 2, 13, 4, 5, 6, 7, 8, 3, 12): [9, 13, 17, 17, 37]
(1, 10, 11, 0, 13, 2, 9, 4, 3, 6, 7, 8, 5, 12): [9, 13, 17, 17, 37]
(3, 6, 7, 0, 9, 2, 13, 4, 1, 10, 11, 8, 5, 12): [9, 13, 17, 17, 37]
(1, 4, 7, 0, 11, 2, 3, 8, 13, 6, 9, 12, 5, 10): [9, 13, 17, 17, 37]
(1, 6, 9, 0, 7, 2, 3, 4, 11, 12, 5, 8, 13, 10): [9, 13, 17, 17, 37]
(1, 2, 5, 0, 9, 6, 13, 4, 7, 10, 3, 8, 11, 12): [9, 13, 17, 17, 37]
(1, 10, 7, 0, 9, 2, 13, 4, 5, 6, 3, 8, 11, 12): [9, 13, 17, 17, 37]
(5, 10, 11, 0, 9, 2, 3, 4, 1, 6, 13, 8, 7, 12): [9, 13, 17, 17, 37]
(5, 10, 9, 0, 1, 2, 13, 4, 3, 6, 7, 8, 11, 12): [9, 13, 17, 17, 37]
(3, 6, 9, 0, 11, 2, 13, 4, 1, 8, 7, 10, 5, 12): [9, 13, 17, 17, 37]
(3, 8, 5, 0, 9, 2, 11, 4, 13, 6, 7, 10, 1, 12): [9, 13, 17, 17, 37]
(3, 8, 11, 0, 9, 2, 1, 4, 13, 6, 7, 10, 5, 12): [9, 13, 17, 17, 37]
(3, 8, 9, 0, 11, 2, 13, 4, 5, 6, 7, 10, 1, 12): [9, 13, 17, 17, 37]
(1, 8, 11, 0, 9, 2, 3, 4, 5, 6, 7, 12, 13, 10): [9, 13, 17, 17, 37]
(1, 6, 7, 0, 5, 2, 9, 4, 11, 12, 3, 8, 13, 10): [9, 13, 17, 17, 37]
(1, 6, 5, 0, 9, 2, 3, 4, 11, 12, 7, 8, 13, 10): [9, 13, 17, 17, 37]
(3, 6, 9, 0, 1, 2, 13, 4, 5, 10, 11, 8, 7, 12): [9, 13, 17, 17, 37]
(3, 12, 11, 0, 9, 2, 13, 4, 5, 6, 1, 8, 7, 10): [9, 13, 17, 17, 37]
(3, 10, 11, 0, 9, 2, 13, 4, 1, 6, 7, 8, 5, 12): [9, 13, 17, 17, 37]
(1, 10, 7, 0, 11, 2, 3, 4, 13, 6, 5, 8, 9, 12): [9, 13, 17, 17, 37]
(1, 6, 9, 0, 13, 2, 11, 4, 7, 12, 5, 8, 3, 10): [9, 13, 17, 17, 37]
(7, 4, 11, 0, 13, 2, 5, 8, 1, 6, 3, 10, 9, 12): [9, 13, 17, 17, 37]
(5, 6, 7, 0, 13, 2, 9, 4, 1, 10, 11, 8, 3, 12): [9, 13, 17, 17, 37]
(1, 10, 9, 0, 13, 2, 11, 4, 3, 6, 7, 8, 5, 12): [9, 13, 17, 17, 37]
(1, 8, 7, 0, 11, 2, 13, 4, 5, 6, 9, 12, 3, 10): [9, 13, 17, 17, 37]
(5, 6, 9, 0, 1, 2, 13, 4, 3, 10, 7, 8, 11, 12): [9, 13, 17, 17, 37]
(5, 6, 9, 0, 1, 2, 11, 4, 3, 12, 13, 8, 7, 10): [9, 13, 17, 17, 37]
(1, 8, 7, 0, 11, 2, 3, 4, 5, 6, 9, 12, 13, 10): [9, 13, 17, 17, 37]
(1, 10, 11, 0, 9, 2, 13, 4, 3, 6, 5, 8, 7, 12): [9, 13, 17, 17, 37]
(3, 8, 11, 0, 1, 2, 9, 4, 13, 6, 5, 10, 7, 12): [9, 13, 17, 17, 37]
(7, 4, 9, 0, 13, 2, 5, 10, 3, 6, 1, 8, 11, 12): [9, 13, 17, 17, 37]
(1, 2, 5, 0, 13, 6, 9, 4, 3, 10, 7, 8, 11, 12): [9, 13, 17, 17, 37]
(3, 6, 9, 0, 1, 2, 11, 4, 5, 12, 13, 8, 7, 10): [9, 13, 17, 17, 37]
(3, 4, 7, 0, 11, 2, 13, 8, 5, 6, 1, 12, 9, 10): [9, 13, 17, 17, 37]
(7, 4, 9, 0, 11, 2, 13, 8, 1, 6, 5, 10, 3, 12): [9, 13, 17, 17, 37]
(3, 6, 7, 0, 13, 2, 9, 4, 1, 10, 11, 8, 5, 12): [9, 13, 17, 17, 37]
(3, 4, 11, 0, 7, 2, 13, 8, 1, 6, 9, 10, 5, 12): [10, 13, 17, 17, 37]
(1, 8, 5, 0, 7, 2, 11, 4, 13, 6, 9, 12, 3, 10): [10, 13, 17, 17, 37]
(7, 4, 11, 0, 13, 2, 1, 8, 9, 6, 3, 10, 5, 12): [10, 13, 17, 17, 37]
(3, 6, 9, 0, 1, 2, 11, 4, 5, 10, 13, 8, 7, 12): [10, 13, 17, 17, 37]
(1, 12, 5, 0, 13, 2, 7, 4, 3, 6, 11, 8, 9, 10): [10, 13, 17, 17, 37]
(3, 6, 9, 0, 11, 2, 13, 4, 7, 8, 1, 10, 5, 12): [10, 13, 17, 17, 37]
(3, 6, 9, 0, 1, 2, 11, 4, 7, 10, 13, 8, 5, 12): [10, 13, 17, 17, 37]
(1, 6, 5, 0, 13, 2, 9, 4, 7, 10, 11, 8, 3, 12): [10, 13, 17, 17, 37]
(1, 6, 9, 0, 11, 2, 13, 4, 7, 8, 5, 10, 3, 12): [10, 13, 17, 17, 37]
(3, 6, 7, 0, 9, 2, 13, 4, 5, 12, 11, 8, 1, 10): [10, 13, 17, 17, 37]
(1, 8, 11, 0, 7, 2, 3, 4, 13, 6, 5, 10, 9, 12): [10, 13, 17, 17, 37]
(1, 6, 9, 0, 11, 2, 13, 4, 5, 8, 3, 10, 7, 12): [10, 13, 17, 17, 37]
(1, 12, 11, 0, 7, 2, 3, 4, 13, 6, 5, 8, 9, 10): [10, 13, 17, 17, 37]
(1, 8, 3, 0, 9, 2, 11, 4, 13, 6, 5, 10, 7, 12): [10, 13, 17, 17, 37]
(1, 8, 3, 0, 11, 2, 7, 4, 13, 6, 9, 12, 5, 10): [10, 13, 17, 17, 37]
(1, 8, 9, 0, 7, 2, 11, 4, 13, 6, 5, 10, 3, 12): [10, 13, 17, 17, 37]
(1, 6, 9, 0, 7, 2, 13, 4, 3, 12, 11, 8, 5, 10): [10, 13, 17, 17, 37]
(1, 10, 3, 0, 11, 2, 9, 4, 13, 6, 7, 8, 5, 12): [9, 14, 17, 17, 37]
(1, 8, 9, 0, 11, 2, 3, 4, 5, 6, 13, 10, 7, 12): [9, 14, 17, 17, 37]
(1, 12, 5, 0, 7, 2, 13, 4, 3, 6, 11, 8, 9, 10): [9, 14, 17, 17, 37]
(5, 8, 11, 0, 1, 2, 13, 4, 7, 6, 9, 12, 3, 10): [9, 14, 17, 17, 37]
(1, 6, 9, 0, 13, 2, 11, 4, 7, 10, 5, 8, 3, 12): [9, 14, 17, 17, 37]
(1, 6, 9, 0, 7, 2, 13, 4, 5, 12, 11, 8, 3, 10): [9, 14, 17, 17, 37]
(1, 8, 7, 0, 11, 2, 9, 4, 5, 6, 13, 10, 3, 12): [9, 14, 17, 17, 37]
(3, 10, 5, 0, 9, 2, 11, 4, 13, 6, 7, 8, 1, 12): [10, 14, 17, 17, 37]
(1, 6, 7, 0, 9, 2, 11, 4, 13, 8, 5, 10, 3, 12): [10, 14, 17, 17, 37]
(1, 6, 7, 0, 5, 2, 9, 4, 13, 10, 11, 8, 3, 12): [10, 14, 17, 17, 37]
(1, 6, 9, 0, 5, 2, 13, 4, 7, 10, 11, 8, 3, 12): [10, 14, 17, 17, 37]
(5, 6, 9, 0, 1, 2, 11, 4, 7, 8, 13, 10, 3, 12): [10, 14, 17, 17, 37]
(1, 4, 5, 0, 7, 2, 13, 10, 9, 6, 3, 8, 11, 12): [10, 14, 17, 17, 37]
(1, 6, 5, 0, 9, 2, 3, 4, 13, 10, 11, 8, 7, 12): [10, 14, 17, 17, 37]
(1, 10, 3, 0, 11, 2, 13, 4, 9, 6, 7, 8, 5, 12): [10, 14, 17, 17, 37]
(1, 4, 5, 0, 7, 2, 13, 10, 3, 6, 11, 8, 9, 12): [10, 14, 17, 17, 37]
(1, 8, 9, 0, 5, 2, 3, 4, 11, 6, 13, 10, 7, 12): [10, 14, 17, 17, 37]
(1, 4, 5, 0, 7, 2, 11, 8, 13, 6, 3, 10, 9, 12): [10, 14, 17, 17, 37]
(1, 2, 5, 0, 9, 6, 7, 4, 3, 10, 13, 8, 11, 12): [10, 14, 17, 17, 37]
(1, 4, 5, 0, 7, 2, 3, 10, 11, 6, 13, 8, 9, 12): [8, 13, 16, 16, 36]
(1, 8, 3, 0, 9, 2, 11, 4, 13, 6, 7, 12, 5, 10): [9, 13, 16, 16, 36]
(5, 10, 9, 0, 11, 2, 13, 4, 3, 6, 7, 8, 1, 12): [9, 13, 16, 16, 36]
(1, 10, 13, 0, 7, 2, 3, 4, 11, 6, 5, 8, 9, 12): [9, 13, 16, 16, 36]
(1, 10, 7, 0, 13, 2, 11, 4, 3, 6, 5, 8, 9, 12): [9, 13, 16, 16, 36]
(1, 4, 5, 0, 7, 2, 3, 8, 11, 6, 9, 12, 13, 10): [9, 13, 16, 16, 36]
(5, 6, 9, 0, 11, 2, 13, 4, 3, 10, 1, 8, 7, 12): [9, 13, 16, 16, 36]
(1, 10, 5, 0, 13, 2, 9, 4, 3, 6, 7, 8, 11, 12): [9, 13, 16, 16, 36]
(1, 12, 9, 0, 11, 2, 7, 4, 5, 6, 13, 8, 3, 10): [9, 13, 16, 16, 36]
(1, 6, 5, 0, 9, 2, 13, 4, 7, 10, 3, 8, 11, 12): [9, 13, 16, 16, 36]
(1, 6, 9, 0, 7, 2, 11, 4, 5, 10, 13, 8, 3, 12): [9, 13, 16, 16, 36]
(1, 10, 7, 0, 13, 2, 9, 4, 5, 6, 3, 8, 11, 12): [9, 13, 16, 16, 36]
(3, 4, 11, 0, 7, 2, 5, 8, 13, 6, 1, 10, 9, 12): [9, 13, 16, 16, 36]
(5, 8, 9, 0, 1, 2, 11, 4, 13, 6, 3, 10, 7, 12): [9, 13, 16, 16, 36]
(3, 8, 11, 0, 9, 2, 1, 4, 13, 6, 5, 10, 7, 12): [9, 13, 16, 16, 36]
(1, 10, 5, 0, 11, 2, 3, 4, 13, 6, 7, 8, 9, 12): [9, 13, 16, 16, 36]
(1, 12, 5, 0, 11, 2, 13, 4, 9, 6, 7, 8, 3, 10): [9, 13, 16, 16, 36]
(1, 10, 7, 0, 11, 2, 9, 4, 13, 6, 5, 8, 3, 12): [9, 13, 16, 16, 36]
(1, 10, 9, 0, 7, 2, 11, 4, 3, 6, 13, 8, 5, 12): [9, 13, 16, 16, 36]
(7, 4, 9, 0, 11, 2, 1, 8, 5, 6, 3, 12, 13, 10): [9, 13, 16, 16, 36]
(1, 10, 13, 0, 11, 2, 9, 4, 3, 6, 7, 8, 5, 12): [9, 13, 16, 16, 36]
(1, 8, 11, 0, 9, 2, 3, 4, 13, 6, 5, 12, 7, 10): [9, 13, 16, 16, 36]
(3, 8, 7, 0, 9, 2, 11, 4, 13, 6, 5, 10, 1, 12): [9, 13, 16, 16, 36]
(3, 6, 7, 0, 13, 2, 9, 4, 5, 10, 11, 8, 1, 12): [9, 13, 16, 16, 36]
(1, 10, 9, 0, 11, 2, 3, 4, 13, 6, 7, 8, 5, 12): [9, 13, 16, 16, 36]
(1, 6, 13, 0, 7, 2, 9, 4, 3, 10, 5, 8, 11, 12): [9, 14, 16, 16, 36]
(7, 4, 9, 0, 11, 2, 1, 8, 5, 6, 13, 10, 3, 12): [9, 14, 16, 16, 36]
(1, 10, 9, 0, 7, 2, 13, 4, 3, 6, 5, 8, 11, 12): [9, 14, 16, 16, 36]
(1, 8, 9, 0, 5, 2, 11, 4, 13, 6, 3, 12, 7, 10): [9, 14, 16, 16, 36]
(1, 8, 9, 0, 5, 2, 11, 4, 13, 6, 3, 10, 7, 12): [9, 13, 17, 16, 36]
(7, 4, 9, 0, 11, 2, 3, 8, 13, 6, 5, 10, 1, 12): [9, 13, 17, 16, 36]
(1, 6, 7, 0, 9, 2, 11, 4, 5, 12, 3, 8, 13, 10): [9, 13, 17, 16, 36]
(1, 10, 9, 0, 13, 2, 11, 4, 5, 6, 3, 8, 7, 12): [9, 13, 17, 16, 36]
(1, 8, 7, 0, 9, 2, 11, 4, 5, 6, 3, 12, 13, 10): [9, 13, 17, 16, 36]
(7, 4, 11, 0, 13, 2, 3, 8, 5, 6, 1, 10, 9, 12): [9, 13, 17, 16, 36]
(7, 4, 11, 0, 13, 2, 3, 8, 1, 6, 9, 10, 5, 12): [9, 13, 16, 17, 36]
(1, 8, 7, 0, 9, 2, 3, 4, 11, 6, 5, 12, 13, 10): [9, 13, 16, 17, 36]
(1, 10, 7, 0, 11, 2, 13, 4, 5, 6, 3, 8, 9, 12): [9, 13, 16, 17, 36]
(5, 6, 9, 0, 11, 2, 13, 4, 1, 8, 3, 10, 7, 12): [9, 12, 17, 17, 36]
(1, 8, 11, 0, 13, 2, 9, 4, 3, 6, 7, 10, 5, 12): [10, 12, 17, 17, 36]
(1, 10, 11, 0, 9, 2, 3, 4, 5, 6, 13, 8, 7, 12): [9, 13, 17, 17, 36]
(1, 10, 9, 0, 5, 2, 13, 4, 3, 6, 7, 8, 11, 12): [9, 13, 17, 17, 36]
(5, 6, 13, 0, 9, 2, 11, 4, 3, 10, 1, 8, 7, 12): [9, 13, 17, 17, 36]
(1, 8, 11, 0, 9, 2, 3, 4, 13, 6, 7, 12, 5, 10): [9, 13, 17, 17, 36]
(5, 10, 11, 0, 9, 2, 3, 4, 13, 6, 7, 8, 1, 12): [9, 13, 17, 17, 36]
(1, 6, 9, 0, 7, 2, 13, 4, 5, 10, 3, 8, 11, 12): [9, 13, 17, 17, 36]
(3, 4, 11, 0, 13, 2, 1, 8, 5, 6, 9, 10, 7, 12): [9, 13, 17, 17, 36]
(1, 6, 9, 0, 13, 2, 11, 4, 3, 10, 7, 8, 5, 12): [9, 13, 17, 17, 36]
(1, 10, 7, 0, 9, 2, 13, 4, 11, 6, 5, 8, 3, 12): [9, 13, 17, 17, 36]
(1, 12, 7, 0, 11, 2, 13, 4, 3, 6, 5, 8, 9, 10): [9, 13, 17, 17, 36]
(3, 6, 9, 0, 13, 2, 11, 4, 1, 10, 5, 8, 7, 12): [9, 13, 17, 17, 36]
(3, 10, 7, 0, 1, 2, 9, 4, 5, 6, 13, 8, 11, 12): [9, 13, 17, 17, 36]
(1, 10, 5, 0, 9, 2, 11, 4, 3, 6, 13, 8, 7, 12): [9, 13, 17, 17, 36]
(3, 8, 7, 0, 9, 2, 11, 4, 13, 6, 1, 10, 5, 12): [9, 13, 17, 17, 36]
(3, 8, 9, 0, 1, 2, 11, 4, 5, 6, 7, 12, 13, 10): [9, 13, 17, 17, 36]
(3, 6, 7, 0, 1, 2, 9, 4, 5, 10, 13, 8, 11, 12): [9, 13, 17, 17, 36]
(1, 12, 11, 0, 7, 2, 13, 4, 3, 6, 5, 8, 9, 10): [9, 13, 17, 17, 36]
(1, 6, 9, 0, 13, 2, 3, 4, 11, 12, 7, 8, 5, 10): [9, 13, 17, 17, 36]
(1, 6, 3, 0, 7, 2, 9, 4, 5, 10, 13, 8, 11, 12): [9, 13, 17, 17, 36]
(3, 4, 7, 0, 11, 2, 9, 10, 5, 6, 13, 8, 1, 12): [9, 13, 17, 17, 36]
(1, 4, 3, 0, 7, 2, 9, 10, 5, 6, 13, 8, 11, 12): [9, 13, 17, 17, 36]
(3, 8, 9, 0, 7, 2, 11, 4, 5, 6, 1, 12, 13, 10): [9, 13, 17, 17, 36]
(7, 4, 9, 0, 11, 2, 13, 8, 5, 6, 1, 10, 3, 12): [9, 13, 17, 17, 36]
(1, 6, 7, 0, 9, 2, 11, 4, 13, 10, 5, 8, 3, 12): [9, 13, 17, 17, 36]
(1, 12, 5, 0, 11, 2, 9, 4, 13, 6, 3, 8, 7, 10): [9, 13, 17, 17, 36]
(7, 4, 11, 0, 13, 2, 3, 8, 5, 6, 9, 10, 1, 12): [9, 13, 17, 17, 36]
(1, 10, 7, 0, 5, 2, 11, 4, 9, 6, 13, 8, 3, 12): [9, 13, 17, 17, 36]
(1, 12, 9, 0, 11, 2, 7, 4, 3, 6, 13, 8, 5, 10): [9, 13, 17, 17, 36]
(7, 4, 9, 0, 13, 2, 1, 10, 5, 6, 3, 8, 11, 12): [9, 13, 17, 17, 36]
(5, 6, 7, 0, 13, 2, 9, 4, 1, 10, 3, 8, 11, 12): [9, 13, 17, 17, 36]
(1, 8, 5, 0, 11, 2, 9, 4, 13, 6, 7, 10, 3, 12): [9, 13, 17, 17, 36]
(1, 12, 9, 0, 13, 2, 3, 4, 11, 6, 5, 8, 7, 10): [9, 13, 17, 17, 36]
(1, 6, 9, 0, 13, 2, 11, 4, 5, 12, 3, 8, 7, 10): [9, 13, 17, 17, 36]
(1, 10, 5, 0, 9, 2, 7, 4, 11, 6, 13, 8, 3, 12): [9, 13, 17, 17, 36]
(1, 10, 9, 0, 13, 2, 11, 4, 5, 6, 7, 8, 3, 12): [9, 13, 17, 17, 36]
(1, 4, 11, 0, 7, 2, 3, 8, 13, 6, 9, 10, 5, 12): [9, 13, 17, 17, 36]
(1, 8, 9, 0, 5, 2, 3, 4, 11, 6, 7, 12, 13, 10): [9, 13, 17, 17, 36]
(1, 6, 3, 0, 13, 2, 9, 4, 5, 10, 7, 8, 11, 12): [9, 13, 17, 17, 36]
(1, 6, 9, 0, 11, 2, 13, 4, 5, 8, 7, 10, 3, 12): [9, 13, 17, 17, 36]
(3, 6, 9, 0, 1, 2, 13, 4, 5, 12, 11, 8, 7, 10): [10, 13, 17, 17, 36]
(3, 6, 7, 0, 13, 2, 9, 4, 1, 10, 5, 8, 11, 12): [10, 13, 17, 17, 36]
(5, 8, 7, 0, 1, 2, 11, 4, 13, 6, 9, 12, 3, 10): [10, 13, 17, 17, 36]
(1, 4, 3, 0, 7, 2, 5, 8, 11, 6, 9, 12, 13, 10): [10, 13, 17, 17, 36]
(5, 8, 7, 0, 11, 2, 3, 4, 13, 6, 9, 12, 1, 10): [10, 13, 17, 17, 36]
(3, 10, 9, 0, 13, 2, 11, 4, 1, 6, 7, 8, 5, 12): [10, 13, 17, 17, 36]
(1, 8, 11, 0, 7, 2, 13, 4, 5, 6, 3, 10, 9, 12): [10, 13, 17, 17, 36]
(3, 12, 9, 0, 1, 2, 11, 4, 5, 6, 13, 8, 7, 10): [10, 13, 17, 17, 36]
(1, 8, 11, 0, 13, 2, 9, 4, 5, 6, 7, 10, 3, 12): [10, 13, 17, 17, 36]
(3, 6, 7, 0, 9, 2, 13, 4, 1, 10, 5, 8, 11, 12): [10, 13, 17, 17, 36]
(1, 12, 7, 0, 13, 2, 3, 4, 11, 6, 5, 8, 9, 10): [10, 13, 17, 17, 36]
(3, 6, 7, 0, 9, 2, 13, 4, 11, 12, 1, 8, 5, 10): [10, 13, 17, 17, 36]
(1, 8, 11, 0, 13, 2, 9, 4, 5, 6, 3, 10, 7, 12): [10, 13, 17, 17, 36]
(1, 6, 5, 0, 9, 2, 13, 4, 11, 12, 7, 8, 3, 10): [10, 13, 17, 17, 36]
(1, 12, 9, 0, 7, 2, 11, 4, 13, 6, 3, 8, 5, 10): [9, 14, 17, 17, 36]
(1, 2, 5, 0, 13, 6, 9, 4, 7, 10, 3, 8, 11, 12): [9, 14, 17, 17, 36]
(1, 12, 7, 0, 13, 2, 11, 4, 9, 6, 3, 8, 5, 10): [9, 14, 17, 17, 36]
(1, 12, 9, 0, 13, 2, 11, 4, 3, 6, 5, 8, 7, 10): [9, 14, 17, 17, 36]
(3, 4, 7, 0, 11, 2, 1, 8, 9, 6, 13, 10, 5, 12): [9, 14, 17, 17, 36]
(1, 8, 5, 0, 9, 2, 3, 4, 11, 6, 13, 10, 7, 12): [9, 14, 17, 17, 36]
(1, 10, 7, 0, 9, 2, 3, 4, 11, 6, 13, 8, 5, 12): [9, 14, 17, 17, 36]
(3, 10, 9, 0, 11, 2, 1, 4, 5, 6, 13, 8, 7, 12): [9, 14, 17, 17, 36]
(1, 12, 3, 0, 11, 2, 9, 4, 13, 6, 5, 8, 7, 10): [9, 14, 17, 17, 36]
(1, 10, 3, 0, 11, 2, 9, 4, 5, 6, 13, 8, 7, 12): [9, 14, 17, 17, 36]
(1, 4, 7, 0, 13, 2, 5, 10, 11, 6, 3, 8, 9, 12): [9, 14, 17, 17, 36]
(1, 6, 5, 0, 9, 2, 11, 4, 7, 12, 3, 8, 13, 10): [9, 14, 17, 17, 36]
(1, 8, 7, 0, 11, 2, 3, 4, 5, 6, 13, 10, 9, 12): [9, 14, 17, 17, 36]
(3, 4, 11, 0, 7, 2, 5, 8, 9, 6, 13, 10, 1, 12): [9, 14, 17, 17, 36]
(3, 4, 7, 0, 11, 2, 5, 8, 1, 6, 13, 10, 9, 12): [9, 14, 17, 17, 36]
(3, 10, 7, 0, 13, 2, 11, 4, 1, 6, 5, 8, 9, 12): [9, 14, 17, 17, 36]
(1, 6, 9, 0, 11, 2, 13, 4, 7, 10, 3, 8, 5, 12): [9, 14, 17, 17, 36]
(1, 10, 13, 0, 7, 2, 9, 4, 3, 6, 5, 8, 11, 12): [9, 14, 17, 17, 36]
(5, 4, 7, 0, 11, 2, 3, 8, 13, 6, 1, 10, 9, 12): [9, 14, 17, 17, 36]
(1, 12, 7, 0, 11, 2, 13, 4, 9, 6, 5, 8, 3, 10): [9, 14, 17, 17, 36]
(3, 10, 7, 0, 9, 2, 13, 4, 1, 6, 5, 8, 11, 12): [9, 14, 17, 17, 36]
(1, 4, 7, 0, 9, 2, 5, 10, 11, 6, 13, 8, 3, 12): [9, 14, 17, 17, 36]
(1, 4, 7, 0, 3, 2, 5, 8, 11, 6, 9, 12, 13, 10): [9, 14, 17, 17, 36]
(5, 2, 9, 0, 1, 6, 11, 4, 3, 8, 13, 10, 7, 12): [10, 14, 17, 17, 36]
(1, 6, 13, 0, 7, 2, 3, 4, 5, 10, 11, 8, 9, 12): [10, 14, 17, 17, 36]
(1, 6, 5, 0, 13, 2, 3, 4, 7, 10, 11, 8, 9, 12): [10, 14, 17, 17, 36]
(1, 10, 5, 0, 13, 2, 3, 4, 9, 6, 7, 8, 11, 12): [10, 14, 17, 17, 36]
(3, 4, 7, 0, 11, 2, 13, 8, 9, 6, 1, 12, 5, 10): [10, 14, 17, 17, 36]
(1, 6, 5, 0, 13, 2, 9, 4, 3, 10, 11, 8, 7, 12): [10, 14, 17, 17, 36]
(3, 10, 7, 0, 13, 2, 1, 4, 11, 6, 5, 8, 9, 12): [10, 14, 17, 17, 36]
(1, 10, 11, 0, 9, 2, 3, 4, 13, 6, 7, 8, 5, 12): [9, 13, 16, 16, 35]
(1, 10, 11, 0, 13, 2, 9, 4, 5, 6, 7, 8, 3, 12): [9, 13, 16, 16, 35]
(1, 4, 7, 0, 11, 2, 5, 10, 3, 6, 13, 8, 9, 12): [9, 13, 16, 16, 35]
(3, 10, 9, 0, 11, 2, 13, 4, 5, 6, 7, 8, 1, 12): [9, 13, 17, 17, 35]
(1, 6, 9, 0, 11, 2, 3, 4, 13, 10, 7, 8, 5, 12): [9, 13, 17, 17, 35]
(5, 6, 7, 0, 9, 2, 11, 4, 13, 10, 1, 8, 3, 12): [9, 13, 17, 17, 35]
(1, 6, 7, 0, 9, 2, 11, 4, 5, 10, 13, 8, 3, 12): [9, 13, 17, 17, 35]
(5, 6, 9, 0, 11, 2, 13, 4, 1, 10, 7, 8, 3, 12): [9, 13, 17, 17, 35]
(3, 10, 7, 0, 1, 2, 11, 4, 5, 6, 13, 8, 9, 12): [9, 13, 17, 17, 35]
(1, 10, 7, 0, 11, 2, 13, 4, 3, 6, 5, 8, 9, 12): [9, 13, 17, 17, 35]
(1, 6, 9, 0, 13, 2, 11, 4, 5, 10, 7, 8, 3, 12): [9, 13, 17, 17, 35]
(1, 12, 5, 0, 13, 2, 3, 4, 11, 6, 7, 8, 9, 10): [9, 13, 17, 17, 35]
(3, 8, 5, 0, 1, 2, 11, 4, 13, 6, 9, 10, 7, 12): [9, 13, 17, 17, 35]
(1, 12, 9, 0, 11, 2, 3, 4, 13, 6, 5, 8, 7, 10): [9, 13, 17, 17, 35]
(5, 6, 13, 0, 9, 2, 11, 4, 7, 10, 3, 8, 1, 12): [9, 13, 17, 17, 35]
(1, 12, 13, 0, 11, 2, 9, 4, 5, 6, 3, 8, 7, 10): [9, 13, 17, 17, 35]
(3, 10, 11, 0, 1, 2, 9, 4, 5, 6, 13, 8, 7, 12): [9, 13, 17, 17, 35]
(1, 8, 3, 0, 11, 2, 9, 4, 13, 6, 7, 12, 5, 10): [9, 13, 17, 17, 35]
(1, 12, 13, 0, 9, 2, 11, 4, 3, 6, 7, 8, 5, 10): [9, 13, 17, 17, 35]
(5, 8, 9, 0, 11, 2, 3, 4, 13, 6, 7, 12, 1, 10): [10, 13, 17, 17, 35]
(1, 6, 7, 0, 9, 2, 11, 4, 5, 12, 13, 8, 3, 10): [10, 13, 17, 17, 35]
(1, 6, 9, 0, 11, 2, 13, 4, 3, 8, 7, 10, 5, 12): [10, 13, 17, 17, 35]
(1, 10, 3, 0, 7, 2, 11, 4, 5, 6, 13, 8, 9, 12): [9, 14, 17, 17, 35]
(1, 12, 11, 0, 9, 2, 13, 4, 3, 6, 5, 8, 7, 10): [9, 14, 17, 17, 35]
(1, 6, 7, 0, 5, 2, 9, 4, 11, 12, 13, 8, 3, 10): [9, 14, 17, 17, 35]
(1, 10, 9, 0, 13, 2, 5, 4, 11, 6, 7, 8, 3, 12): [9, 14, 17, 17, 35]
(1, 10, 11, 0, 7, 2, 13, 4, 5, 6, 9, 8, 3, 12): [9, 14, 17, 17, 35]
(3, 8, 11, 0, 9, 2, 1, 4, 5, 6, 13, 10, 7, 12): [9, 14, 17, 17, 35]
(1, 12, 5, 0, 9, 2, 11, 4, 13, 6, 3, 8, 7, 10): [9, 14, 17, 17, 35]
(1, 8, 9, 0, 7, 2, 3, 4, 11, 6, 13, 10, 5, 12): [9, 14, 17, 17, 35]
(1, 4, 3, 0, 7, 2, 5, 8, 11, 6, 13, 10, 9, 12): [10, 14, 17, 17, 35]
(3, 6, 9, 0, 11, 2, 13, 4, 1, 10, 7, 8, 5, 12): [10, 14, 17, 17, 35]
(1, 6, 7, 0, 5, 2, 13, 4, 3, 10, 11, 8, 9, 12): [10, 14, 17, 17, 35]
(5, 12, 9, 0, 13, 2, 11, 4, 3, 6, 1, 8, 7, 10): [10, 14, 17, 17, 35]
(1, 10, 11, 0, 7, 2, 3, 4, 5, 6, 13, 8, 9, 12): [9, 13, 16, 16, 34]
(1, 6, 13, 0, 9, 2, 11, 4, 5, 10, 3, 8, 7, 12): [9, 14, 16, 16, 34]
(5, 8, 7, 0, 1, 2, 11, 4, 13, 6, 9, 10, 3, 12): [9, 13, 17, 16, 34]
(1, 6, 7, 0, 9, 2, 11, 4, 13, 10, 3, 8, 5, 12): [9, 13, 17, 16, 34]
(1, 8, 11, 0, 5, 2, 13, 4, 3, 6, 7, 12, 9, 10): [9, 13, 17, 16, 34]
(1, 4, 7, 0, 9, 2, 13, 10, 5, 6, 3, 8, 11, 12): [9, 14, 17, 16, 34]
(1, 6, 7, 0, 9, 2, 13, 4, 3, 10, 5, 8, 11, 12): [9, 13, 17, 17, 34]
(1, 6, 7, 0, 9, 2, 13, 4, 5, 10, 3, 8, 11, 12): [9, 13, 17, 17, 34]
(1, 8, 3, 0, 7, 2, 11, 4, 13, 6, 9, 12, 5, 10): [9, 13, 17, 17, 34]
(1, 6, 9, 0, 11, 2, 13, 4, 3, 10, 7, 8, 5, 12): [9, 13, 17, 17, 34]
(1, 6, 7, 0, 9, 2, 11, 4, 3, 12, 13, 8, 5, 10): [9, 13, 17, 17, 34]
(1, 10, 7, 0, 11, 2, 3, 4, 5, 6, 13, 8, 9, 12): [9, 13, 17, 17, 34]
(3, 10, 11, 0, 1, 2, 9, 4, 13, 6, 7, 8, 5, 12): [9, 13, 17, 17, 34]
(1, 12, 11, 0, 7, 2, 3, 4, 5, 6, 13, 8, 9, 10): [9, 13, 17, 17, 34]
(3, 10, 7, 0, 11, 2, 1, 4, 5, 6, 13, 8, 9, 12): [9, 13, 17, 17, 34]
(3, 6, 9, 0, 1, 2, 13, 4, 11, 12, 7, 8, 5, 10): [10, 13, 17, 17, 34]
(1, 8, 3, 0, 9, 2, 7, 4, 11, 6, 5, 12, 13, 10): [10, 13, 17, 17, 34]
(3, 12, 7, 0, 11, 2, 1, 4, 5, 6, 13, 8, 9, 10): [10, 13, 17, 17, 34]
(1, 8, 9, 0, 7, 2, 11, 4, 5, 6, 13, 10, 3, 12): [9, 14, 17, 17, 34]
(1, 12, 7, 0, 13, 2, 5, 4, 11, 6, 3, 8, 9, 10): [9, 14, 17, 17, 34]
(3, 10, 11, 0, 9, 2, 1, 4, 7, 6, 13, 8, 5, 12): [9, 14, 17, 17, 34]
(1, 6, 7, 0, 9, 2, 3, 4, 13, 10, 5, 8, 11, 12): [9, 14, 17, 17, 34]
(3, 8, 7, 0, 9, 2, 11, 4, 5, 6, 13, 10, 1, 12): [9, 14, 17, 17, 34]
(1, 10, 3, 0, 9, 2, 13, 4, 11, 6, 7, 8, 5, 12): [9, 14, 17, 17, 34]
(7, 4, 9, 0, 11, 2, 1, 6, 5, 8, 13, 10, 3, 12): [10, 14, 17, 17, 34]
(1, 10, 7, 0, 11, 2, 9, 4, 5, 6, 13, 8, 3, 12): [8, 13, 16, 16, 33]
(1, 10, 9, 0, 7, 2, 11, 4, 5, 6, 13, 8, 3, 12): [8, 13, 16, 16, 33]
(1, 4, 13, 0, 7, 2, 5, 10, 11, 6, 3, 8, 9, 12): [9, 13, 16, 16, 33]
(1, 6, 5, 0, 9, 2, 11, 4, 3, 10, 13, 8, 7, 12): [9, 13, 16, 16, 33]
(1, 6, 7, 0, 13, 2, 9, 4, 3, 10, 5, 8, 11, 12): [9, 13, 16, 17, 33]
(1, 4, 7, 0, 11, 2, 3, 10, 5, 6, 13, 8, 9, 12): [9, 14, 16, 17, 33]
(1, 8, 9, 0, 11, 2, 13, 4, 5, 6, 7, 12, 3, 10): [9, 13, 17, 17, 33]
(3, 4, 7, 0, 9, 2, 13, 10, 11, 6, 5, 8, 1, 12): [9, 13, 17, 17, 33]
(1, 6, 5, 0, 9, 2, 11, 4, 3, 12, 13, 8, 7, 10): [9, 13, 17, 17, 33]
(1, 8, 5, 0, 9, 2, 11, 4, 13, 6, 7, 12, 3, 10): [10, 13, 17, 17, 33]
(7, 4, 9, 0, 11, 2, 13, 8, 5, 6, 1, 12, 3, 10): [10, 13, 17, 17, 33]
(3, 10, 11, 0, 1, 2, 9, 4, 13, 6, 5, 8, 7, 12): [10, 13, 17, 17, 33]
(1, 10, 9, 0, 11, 2, 7, 4, 5, 6, 13, 8, 3, 12): [10, 13, 17, 17, 33]
(1, 4, 7, 0, 11, 2, 3, 8, 9, 6, 5, 12, 13, 10): [10, 13, 17, 17, 33]
(5, 12, 11, 0, 13, 2, 3, 4, 1, 6, 9, 8, 7, 10): [9, 14, 17, 17, 33]
(5, 10, 7, 0, 11, 2, 3, 4, 1, 6, 13, 8, 9, 12): [9, 14, 17, 17, 33]
(5, 12, 13, 0, 11, 2, 1, 4, 3, 6, 9, 8, 7, 10): [9, 14, 17, 17, 33]
(1, 10, 13, 0, 9, 2, 3, 4, 7, 6, 5, 8, 11, 12): [9, 14, 17, 17, 33]
(5, 2, 9, 0, 11, 6, 13, 4, 3, 8, 1, 10, 7, 12): [10, 14, 17, 17, 33]
(1, 8, 7, 0, 9, 2, 11, 4, 13, 6, 5, 10, 3, 12): [10, 14, 17, 17, 33]
(3, 6, 7, 0, 1, 2, 9, 4, 11, 12, 5, 8, 13, 10): [10, 14, 17, 17, 33]
(3, 6, 9, 0, 13, 2, 11, 4, 5, 10, 7, 8, 1, 12): [10, 14, 17, 17, 33]
(5, 6, 9, 0, 13, 2, 11, 4, 3, 10, 7, 8, 1, 12): [9, 12, 16, 16, 32]
(1, 4, 7, 0, 11, 2, 5, 8, 13, 6, 3, 12, 9, 10): [9, 13, 16, 16, 32]
(1, 4, 7, 0, 11, 2, 13, 8, 9, 6, 5, 12, 3, 10): [9, 13, 16, 16, 32]
(7, 4, 9, 0, 11, 2, 1, 8, 13, 6, 5, 10, 3, 12): [9, 13, 16, 16, 32]
(3, 10, 13, 0, 11, 2, 1, 4, 5, 6, 7, 8, 9, 12): [9, 13, 17, 17, 32]
(1, 12, 7, 0, 9, 2, 11, 4, 3, 6, 13, 8, 5, 10): [9, 14, 17, 17, 32]
(7, 4, 9, 0, 11, 2, 13, 8, 3, 6, 1, 10, 5, 12): [9, 14, 17, 17, 32]
(1, 8, 7, 0, 5, 2, 11, 4, 13, 6, 3, 12, 9, 10): [9, 14, 17, 17, 32]
(3, 4, 7, 0, 11, 2, 1, 8, 5, 6, 9, 12, 13, 10): [10, 14, 17, 17, 32]
(3, 4, 7, 0, 11, 2, 1, 10, 13, 6, 5, 8, 9, 12): [10, 14, 17, 17, 32]
(1, 12, 3, 0, 7, 2, 11, 4, 5, 6, 13, 8, 9, 10): [10, 14, 17, 17, 32]
(3, 8, 9, 0, 7, 2, 11, 4, 5, 6, 13, 10, 1, 12): [10, 14, 17, 17, 32]
(1, 4, 7, 0, 11, 2, 13, 8, 9, 6, 3, 12, 5, 10): [9, 13, 17, 17, 31]
(5, 8, 11, 0, 1, 2, 3, 4, 13, 6, 7, 10, 9, 12): [9, 13, 17, 17, 31]
(1, 4, 7, 0, 9, 2, 11, 8, 5, 6, 3, 12, 13, 10): [9, 14, 17, 17, 31]
(7, 4, 9, 0, 11, 2, 13, 8, 3, 6, 5, 10, 1, 12): [9, 14, 17, 17, 31]
(1, 10, 5, 0, 11, 2, 3, 4, 7, 6, 13, 8, 9, 12): [9, 14, 17, 17, 31]
(1, 10, 11, 0, 3, 2, 9, 4, 5, 6, 13, 8, 7, 12): [9, 14, 17, 17, 31]
(3, 4, 7, 0, 9, 2, 1, 10, 11, 6, 13, 8, 5, 12): [9, 13, 17, 17, 30]
(1, 6, 9, 0, 7, 2, 13, 4, 11, 12, 3, 8, 5, 10): [9, 13, 17, 17, 30]
(3, 10, 9, 0, 11, 2, 1, 4, 13, 6, 7, 8, 5, 12): [9, 14, 17, 17, 30]
(1, 12, 7, 0, 9, 2, 13, 4, 11, 6, 3, 8, 5, 10): [9, 14, 17, 17, 30]
(3, 4, 7, 0, 9, 2, 1, 10, 5, 6, 13, 8, 11, 12): [10, 14, 17, 17, 30]
(7, 4, 9, 0, 11, 2, 13, 8, 3, 6, 1, 12, 5, 10): [10, 14, 17, 17, 30]
(3, 4, 7, 0, 9, 2, 1, 8, 11, 6, 5, 12, 13, 10): [10, 14, 17, 17, 30]
(1, 8, 9, 0, 11, 2, 5, 4, 13, 6, 3, 10, 7, 12): [10, 14, 17, 17, 30]
(5, 8, 7, 0, 1, 2, 11, 4, 13, 6, 3, 12, 9, 10): [10, 14, 17, 17, 30]
(1, 4, 7, 0, 9, 2, 3, 8, 11, 6, 5, 12, 13, 10): [9, 13, 16, 16, 28]
(1, 6, 13, 0, 7, 2, 9, 4, 5, 10, 3, 8, 11, 12): [9, 13, 16, 16, 28]
(1, 4, 7, 0, 9, 2, 3, 10, 11, 6, 13, 8, 5, 12): [9, 13, 16, 16, 28]
(7, 4, 11, 0, 13, 2, 1, 8, 5, 6, 3, 10, 9, 12): [9, 13, 16, 16, 28]
(1, 8, 5, 0, 9, 2, 11, 4, 7, 6, 3, 12, 13, 10): [9, 14, 16, 17, 28]
(3, 8, 7, 0, 11, 2, 5, 4, 13, 6, 1, 10, 9, 12): [9, 14, 16, 17, 28]
(5, 6, 9, 0, 13, 2, 11, 4, 7, 12, 3, 8, 1, 10): [9, 13, 16, 16, 26]
(5, 6, 9, 0, 13, 2, 11, 4, 7, 10, 1, 8, 3, 12): [9, 13, 17, 17, 26]
(1, 8, 9, 0, 11, 2, 3, 4, 13, 6, 7, 12, 5, 10): [9, 13, 17, 17, 26]
(1, 12, 13, 0, 9, 2, 11, 4, 5, 6, 3, 8, 7, 10): [9, 13, 17, 17, 26]
(5, 10, 7, 0, 1, 2, 11, 4, 3, 6, 13, 8, 9, 12): [9, 14, 17, 17, 26]
(1, 10, 7, 0, 13, 2, 5, 4, 11, 6, 3, 8, 9, 12): [9, 14, 17, 17, 26]
(1, 10, 5, 0, 13, 2, 11, 4, 3, 6, 9, 8, 7, 12): [9, 14, 17, 17, 26]
(3, 8, 11, 0, 9, 2, 13, 4, 5, 6, 7, 12, 1, 10): [10, 14, 17, 17, 26]
(7, 4, 11, 0, 13, 2, 1, 8, 3, 6, 9, 10, 5, 12): [9, 14, 17, 17, 19]
(1, 4, 7, 0, 11, 2, 3, 8, 5, 6, 9, 12, 13, 10): [9, 14, 17, 17, 19]
(1, 8, 11, 0, 5, 2, 13, 4, 3, 6, 9, 12, 7, 10): [9, 14, 17, 17, 19]
(7, 4, 11, 0, 13, 2, 1, 8, 3, 6, 5, 10, 9, 12): [9, 14, 17, 17, 19]
(7, 4, 9, 0, 11, 2, 3, 8, 13, 6, 5, 12, 1, 10): [10, 14, 17, 17, 19]
(5, 8, 7, 0, 11, 2, 3, 4, 13, 6, 1, 12, 9, 10): [10, 14, 17, 17, 19]
(1, 8, 7, 0, 3, 2, 9, 4, 11, 6, 5, 12, 13, 10): [9, 14, 17, 16, 13]
(3, 8, 11, 0, 13, 2, 1, 4, 7, 6, 9, 10, 5, 12): [9, 14, 17, 16, 13]
(1, 10, 5, 0, 13, 2, 11, 4, 7, 6, 3, 8, 9, 12): [9, 14, 17, 17, 13]
(1, 12, 11, 0, 7, 2, 3, 4, 13, 6, 9, 8, 5, 10): [9, 14, 17, 17, 13]
(1, 10, 7, 0, 3, 2, 13, 4, 11, 6, 5, 8, 9, 12): [9, 14, 17, 17, 13]
(3, 10, 9, 0, 1, 2, 11, 4, 7, 6, 13, 8, 5, 12): [9, 14, 17, 17, 13]
(1, 10, 13, 0, 9, 2, 5, 4, 3, 6, 7, 8, 11, 12): [9, 14, 17, 17, 13]
