(1, 6, 7, 0, 5, 2, 3, 4) : [6, 25]
(1, 4, 5, 0, 7, 2, 3, 6) : [6, 26]
(5, 2, 7, 0, 1, 4, 3, 6) : [6, 30]
(1, 2, 5, 0, 3, 6, 7, 4) : [6, 30]
(5, 2, 7, 0, 3, 4, 1, 6) : [6, 25]
(1, 2, 5, 0, 7, 6, 3, 4) : [7, 24]
(3, 6, 1, 0, 7, 2, 5, 4) : [7, 18]
(3, 4, 5, 0, 7, 2, 1, 6) : [7, 28]
(1, 4, 3, 0, 7, 2, 5, 6) : [7, 28]
(1, 6, 5, 0, 7, 2, 3, 4) : [7, 28]
(1, 6, 3, 0, 7, 2, 5, 4) : [7, 19]
(3, 2, 5, 0, 7, 6, 1, 4) : [7, 18]
(3, 4, 1, 0, 7, 2, 5, 6) : [7, 24]
(1, 4, 7, 0, 3, 2, 5, 6) : [7, 24]
(3, 2, 1, 0, 7, 6, 5, 4) : [8, 13]
(7, 6, 1, 0, 3, 2, 5, 4) : [8, 13]
(1, 0, 5, 2, 7, 4, 3, 6) : [8, 13]
(1, 6, 7, 0, 3, 2, 5, 4) : [8, 13]
(1, 2, 5, 0, 3, 4, 7, 6) : [8, 13]
(3, 2, 5, 0, 7, 4, 1, 6) : [8, 19]
(5, 6, 7, 0, 1, 2, 3, 4) : [8, 27]
(1, 2, 3, 0, 7, 4, 5, 6) : [8, 19]
(1, 4, 5, 0, 3, 2, 7, 6) : [8, 13]
(3, 2, 1, 0, 5, 4, 7, 6) : [8, 13]
(5, 4, 1, 0, 3, 2, 7, 6) : [8, 13]
(3, 4, 5, 0, 1, 2, 7, 6) : [8, 13]
(1, 2, 3, 0, 5, 6, 7, 4) : [8, 19]
(3, 6, 5, 0, 7, 2, 1, 4) : [8, 19]
(1, 2, 3, 0, 7, 6, 5, 4) : [8, 13]
(5, 2, 7, 0, 1, 6, 3, 4) : [8, 19]
(1, 2, 3, 0, 5, 4, 7, 6) : [8, 13]
(3, 6, 7, 0, 1, 2, 5, 4) : [8, 13]
(3, 0, 5, 2, 7, 4, 1, 6) : [8, 27]
(5, 2, 7, 0, 3, 6, 1, 4) : [8, 27]
(3, 2, 5, 0, 1, 4, 7, 6) : [8, 13]
(1, 6, 3, 0, 5, 2, 7, 4) : [8, 27]
(3, 2, 1, 0, 7, 4, 5, 6) : [8, 13]
(1, 4, 3, 0, 5, 2, 7, 6) : [8, 13]
(3, 0, 1, 2, 7, 4, 5, 6) : [8, 19]
(5, 4, 1, 0, 7, 2, 3, 6) : [8, 13]
(1, 0, 3, 2, 5, 4, 7, 6) : [8, 13]
(1, 0, 3, 2, 7, 4, 5, 6) : [8, 13]
(1, 2, 5, 0, 7, 4, 3, 6) : [8, 28]
