(1, 6, 7, 0, 5, 2, 9, 4, 3, 10, 11, 8): [8, 12]
(3, 4, 7, 0, 11, 2, 1, 8, 9, 6, 5, 10): [8, 12]
(1, 6, 9, 0, 7, 2, 3, 4, 5, 10, 11, 8): [8, 12]
(7, 4, 9, 0, 11, 2, 1, 6, 5, 8, 3, 10): [8, 12]
(1, 6, 9, 0, 7, 2, 11, 4, 5, 10, 3, 8): [8, 12]
(1, 4, 3, 0, 7, 2, 9, 10, 5, 6, 11, 8): [8, 12]
(3, 6, 7, 0, 9, 2, 11, 4, 1, 8, 5, 10): [8, 12]
(3, 8, 11, 0, 9, 2, 1, 4, 5, 6, 7, 10): [8, 12]
(5, 6, 9, 0, 1, 2, 11, 4, 7, 8, 3, 10): [8, 12]
(1, 6, 5, 0, 9, 2, 11, 4, 7, 10, 3, 8): [8, 12]
(1, 10, 9, 0, 11, 2, 7, 4, 5, 6, 3, 8): [8, 12]
(1, 6, 9, 0, 5, 2, 11, 4, 7, 10, 3, 8): [8, 12]
(1, 8, 9, 0, 7, 2, 11, 4, 5, 6, 3, 10): [8, 12]
(3, 4, 7, 0, 9, 2, 11, 8, 1, 6, 5, 10): [8, 12]
(3, 8, 7, 0, 1, 2, 11, 4, 5, 6, 9, 10): [8, 12]
(3, 6, 9, 0, 1, 2, 11, 4, 5, 8, 7, 10): [8, 12]
(1, 2, 5, 0, 3, 6, 9, 4, 7, 10, 11, 8): [8, 12]
(1, 4, 7, 0, 9, 2, 3, 8, 11, 6, 5, 10): [8, 12]
(1, 8, 7, 0, 11, 2, 9, 4, 5, 6, 3, 10): [8, 12]
(1, 6, 3, 0, 7, 2, 9, 4, 5, 10, 11, 8): [8, 12]
(3, 8, 5, 0, 9, 2, 1, 4, 11, 6, 7, 10): [8, 12]
(3, 4, 11, 0, 7, 2, 5, 8, 9, 6, 1, 10): [8, 12]
(3, 4, 11, 0, 7, 2, 1, 8, 5, 6, 9, 10): [8, 12]
(1, 10, 5, 0, 11, 2, 3, 4, 9, 6, 7, 8): [8, 12]
(3, 8, 9, 0, 11, 2, 1, 4, 5, 6, 7, 10): [8, 12]
(1, 8, 11, 0, 7, 2, 9, 4, 3, 6, 5, 10): [8, 12]
(1, 4, 11, 0, 7, 2, 5, 8, 3, 6, 9, 10): [8, 12]
(3, 4, 7, 0, 11, 2, 5, 8, 1, 6, 9, 10): [8, 12]
(1, 10, 11, 0, 7, 2, 9, 4, 3, 6, 5, 8): [8, 12]
(3, 4, 7, 0, 9, 2, 5, 8, 11, 6, 1, 10): [8, 12]
(1, 8, 5, 0, 9, 2, 3, 4, 11, 6, 7, 10): [8, 12]
(5, 6, 7, 0, 9, 2, 11, 4, 3, 8, 1, 10): [8, 12]
(1, 10, 9, 0, 7, 2, 11, 4, 5, 6, 3, 8): [8, 12]
(1, 6, 5, 0, 9, 2, 3, 4, 7, 10, 11, 8): [8, 12]
(3, 6, 7, 0, 9, 2, 11, 4, 5, 8, 1, 10): [8, 12]
(3, 6, 9, 0, 1, 2, 11, 4, 7, 8, 5, 10): [8, 12]
(1, 4, 5, 0, 7, 2, 3, 8, 11, 6, 9, 10): [8, 12]
(1, 8, 5, 0, 11, 2, 9, 4, 3, 6, 7, 10): [8, 12]
(3, 8, 7, 0, 11, 2, 1, 4, 5, 6, 9, 10): [8, 12]
(1, 6, 7, 0, 9, 2, 11, 4, 3, 8, 5, 10): [8, 12]
(1, 8, 5, 0, 7, 2, 11, 4, 3, 6, 9, 10): [8, 12]
(1, 4, 7, 0, 11, 2, 9, 10, 5, 6, 3, 8): [8, 12]
(5, 2, 9, 0, 1, 6, 11, 4, 3, 8, 7, 10): [8, 12]
(1, 10, 9, 0, 5, 2, 3, 4, 11, 6, 7, 8): [8, 12]
(1, 10, 7, 0, 11, 2, 9, 4, 5, 6, 3, 8): [8, 12]
(1, 8, 9, 0, 7, 2, 3, 4, 11, 6, 5, 10): [8, 12]
(7, 4, 9, 0, 11, 2, 1, 8, 5, 6, 3, 10): [8, 12]
(3, 8, 7, 0, 9, 2, 11, 4, 5, 6, 1, 10): [8, 12]
(1, 6, 7, 0, 9, 2, 11, 4, 5, 10, 3, 8): [8, 12]
(1, 8, 9, 0, 7, 2, 11, 4, 3, 6, 5, 10): [9, 12]
(1, 10, 5, 0, 9, 2, 3, 4, 11, 6, 7, 8): [9, 12]
(1, 8, 5, 0, 9, 2, 11, 4, 3, 6, 7, 10): [9, 12]
(1, 4, 11, 0, 7, 2, 5, 8, 9, 6, 3, 10): [9, 12]
(1, 6, 9, 0, 5, 2, 11, 4, 3, 10, 7, 8): [9, 12]
(1, 8, 5, 0, 7, 2, 3, 4, 11, 6, 9, 10): [9, 12]
(1, 6, 9, 0, 11, 2, 3, 4, 7, 8, 5, 10): [9, 12]
(1, 6, 5, 0, 9, 2, 11, 4, 3, 8, 7, 10): [9, 12]
(7, 4, 9, 0, 11, 2, 1, 6, 3, 8, 5, 10): [9, 12]
(1, 8, 7, 0, 5, 2, 11, 4, 3, 6, 9, 10): [9, 12]
(5, 2, 9, 0, 3, 6, 11, 4, 7, 8, 1, 10): [9, 12]
(1, 10, 7, 0, 11, 2, 3, 4, 9, 6, 5, 8): [9, 12]
(7, 4, 9, 0, 11, 2, 3, 6, 5, 8, 1, 10): [9, 12]
(1, 6, 9, 0, 7, 2, 11, 4, 5, 8, 3, 10): [9, 12]
(7, 4, 11, 0, 9, 2, 3, 10, 1, 6, 5, 8): [9, 12]
(5, 6, 9, 0, 1, 2, 11, 4, 3, 8, 7, 10): [9, 12]
(1, 8, 5, 0, 9, 2, 7, 4, 11, 6, 3, 10): [9, 12]
(1, 6, 5, 0, 9, 2, 11, 4, 7, 8, 3, 10): [9, 12]
(1, 6, 9, 0, 11, 2, 3, 4, 5, 8, 7, 10): [9, 12]
(1, 6, 7, 0, 9, 2, 11, 4, 5, 8, 3, 10): [9, 12]
(1, 10, 11, 0, 7, 2, 9, 4, 5, 6, 3, 8): [9, 12]
(1, 4, 7, 0, 11, 2, 3, 8, 9, 6, 5, 10): [9, 12]
(1, 6, 9, 0, 7, 2, 11, 4, 3, 8, 5, 10): [9, 12]
(1, 6, 7, 0, 9, 2, 3, 4, 5, 10, 11, 8): [9, 12]
(1, 4, 3, 0, 7, 2, 5, 8, 11, 6, 9, 10): [9, 12]
(1, 4, 7, 0, 9, 2, 11, 8, 3, 6, 5, 10): [9, 12]
(1, 8, 5, 0, 11, 2, 7, 4, 3, 6, 9, 10): [9, 12]
(3, 8, 7, 0, 11, 2, 9, 4, 5, 6, 1, 10): [9, 12]
(1, 4, 11, 0, 7, 2, 3, 8, 5, 6, 9, 10): [9, 12]
(1, 8, 7, 0, 11, 2, 9, 4, 3, 6, 5, 10): [9, 12]
(3, 8, 7, 0, 1, 2, 9, 4, 11, 6, 5, 10): [9, 12]
(1, 8, 11, 0, 7, 2, 9, 4, 5, 6, 3, 10): [9, 12]
(3, 10, 7, 0, 11, 2, 9, 4, 1, 6, 5, 8): [10, 12]
(5, 6, 9, 0, 1, 2, 11, 4, 3, 10, 7, 8): [10, 12]
(1, 10, 3, 0, 7, 2, 11, 4, 9, 6, 5, 8): [10, 12]
(1, 8, 7, 0, 5, 2, 3, 4, 11, 6, 9, 10): [10, 12]
(1, 6, 9, 0, 5, 2, 11, 4, 3, 8, 7, 10): [10, 12]
(5, 10, 9, 0, 1, 2, 11, 4, 3, 6, 7, 8): [10, 12]
(1, 4, 7, 0, 11, 2, 3, 10, 9, 6, 5, 8): [10, 12]
(3, 4, 7, 0, 11, 2, 9, 10, 1, 6, 5, 8): [10, 12]
(1, 10, 5, 0, 9, 2, 7, 4, 11, 6, 3, 8): [10, 12]
(1, 10, 9, 0, 11, 2, 7, 4, 3, 6, 5, 8): [10, 12]
(1, 8, 3, 0, 9, 2, 11, 4, 5, 6, 7, 10): [10, 12]
(1, 10, 11, 0, 9, 2, 7, 4, 5, 6, 3, 8): [10, 12]
(1, 4, 5, 0, 7, 2, 9, 10, 3, 6, 11, 8): [10, 12]
(7, 4, 9, 0, 11, 2, 5, 6, 1, 8, 3, 10): [10, 12]
(7, 4, 11, 0, 9, 2, 1, 10, 5, 6, 3, 8): [10, 12]
(1, 10, 3, 0, 9, 2, 7, 4, 11, 6, 5, 8): [10, 12]
(1, 8, 9, 0, 5, 2, 11, 4, 3, 6, 7, 10): [10, 12]
(1, 6, 3, 0, 9, 2, 11, 4, 5, 8, 7, 10): [10, 12]
(1, 4, 3, 0, 7, 2, 5, 10, 9, 6, 11, 8): [10, 12]
(1, 10, 7, 0, 11, 2, 9, 4, 3, 6, 5, 8): [8, 13]
(1, 8, 11, 0, 7, 2, 3, 4, 5, 6, 9, 10): [8, 13]
(3, 4, 7, 0, 9, 2, 11, 6, 5, 8, 1, 10): [8, 13]
(1, 8, 9, 0, 5, 2, 3, 4, 11, 6, 7, 10): [8, 13]
(1, 10, 7, 0, 9, 2, 3, 4, 11, 6, 5, 8): [8, 13]
(1, 6, 7, 0, 9, 2, 11, 4, 3, 10, 5, 8): [8, 13]
(1, 10, 9, 0, 7, 2, 11, 4, 3, 6, 5, 8): [8, 13]
(1, 10, 5, 0, 9, 2, 11, 4, 3, 6, 7, 8): [8, 13]
(3, 4, 7, 0, 9, 2, 1, 6, 11, 8, 5, 10): [8, 13]
(1, 4, 7, 0, 3, 2, 5, 8, 11, 6, 9, 10): [8, 13]
(5, 4, 7, 0, 11, 2, 3, 8, 9, 6, 1, 10): [8, 13]
(5, 8, 9, 0, 1, 2, 3, 4, 11, 6, 7, 10): [8, 13]
(3, 4, 11, 0, 7, 2, 1, 8, 9, 6, 5, 10): [9, 13]
(1, 2, 5, 0, 3, 6, 9, 4, 11, 8, 7, 10): [9, 13]
(1, 10, 7, 0, 3, 2, 9, 4, 11, 6, 5, 8): [9, 13]
(1, 6, 5, 0, 9, 2, 11, 4, 3, 10, 7, 8): [9, 13]
(1, 10, 9, 0, 7, 2, 3, 4, 11, 6, 5, 8): [9, 13]
(3, 6, 7, 0, 1, 2, 9, 4, 11, 8, 5, 10): [9, 13]
(1, 2, 5, 0, 9, 6, 3, 4, 7, 10, 11, 8): [9, 13]
(5, 10, 9, 0, 11, 2, 3, 4, 1, 6, 7, 8): [9, 13]
(5, 6, 9, 0, 1, 2, 11, 4, 7, 10, 3, 8): [9, 13]
(1, 6, 5, 0, 7, 2, 9, 4, 11, 8, 3, 10): [9, 13]
(3, 8, 5, 0, 1, 2, 9, 4, 11, 6, 7, 10): [9, 13]
(3, 6, 5, 0, 1, 2, 9, 4, 11, 8, 7, 10): [9, 13]
(3, 4, 7, 0, 9, 2, 11, 8, 5, 6, 1, 10): [9, 13]
(1, 6, 5, 0, 7, 2, 9, 4, 3, 10, 11, 8): [9, 13]
(3, 6, 5, 0, 1, 2, 9, 4, 7, 10, 11, 8): [9, 13]
(5, 2, 7, 0, 3, 6, 9, 4, 11, 8, 1, 10): [9, 13]
(3, 8, 5, 0, 11, 2, 1, 4, 7, 6, 9, 10): [9, 13]
(1, 6, 7, 0, 5, 2, 9, 4, 11, 8, 3, 10): [9, 13]
(1, 8, 3, 0, 11, 2, 9, 4, 5, 6, 7, 10): [9, 13]
(1, 4, 3, 0, 7, 2, 11, 8, 9, 6, 5, 10): [9, 13]
(1, 10, 5, 0, 7, 2, 11, 4, 3, 6, 9, 8): [9, 13]
(3, 4, 7, 0, 9, 2, 1, 10, 11, 6, 5, 8): [9, 13]
(1, 10, 7, 0, 5, 2, 11, 4, 9, 6, 3, 8): [9, 13]
(1, 8, 3, 0, 7, 2, 11, 4, 5, 6, 9, 10): [9, 13]
(3, 6, 9, 0, 1, 2, 11, 4, 5, 10, 7, 8): [9, 13]
(5, 10, 11, 0, 9, 2, 3, 4, 1, 6, 7, 8): [9, 13]
(5, 6, 7, 0, 1, 2, 9, 4, 3, 10, 11, 8): [9, 13]
(1, 6, 9, 0, 5, 2, 11, 4, 7, 8, 3, 10): [9, 13]
(1, 8, 7, 0, 9, 2, 3, 4, 11, 6, 5, 10): [9, 13]
(1, 4, 7, 0, 9, 2, 11, 6, 5, 8, 3, 10): [9, 13]
(3, 6, 7, 0, 9, 2, 11, 4, 5, 10, 1, 8): [9, 13]
(1, 4, 3, 0, 7, 2, 11, 8, 5, 6, 9, 10): [9, 13]
(1, 4, 7, 0, 11, 2, 5, 8, 9, 6, 3, 10): [9, 13]
(3, 6, 9, 0, 1, 2, 11, 4, 7, 10, 5, 8): [9, 13]
(1, 4, 7, 0, 9, 2, 3, 6, 11, 8, 5, 10): [9, 13]
(1, 6, 9, 0, 7, 2, 11, 4, 3, 10, 5, 8): [9, 13]
(5, 8, 7, 0, 1, 2, 3, 4, 11, 6, 9, 10): [9, 13]
(3, 10, 9, 0, 1, 2, 11, 4, 5, 6, 7, 8): [9, 13]
(3, 10, 5, 0, 9, 2, 1, 4, 11, 6, 7, 8): [9, 13]
(5, 6, 7, 0, 9, 2, 11, 4, 3, 10, 1, 8): [9, 13]
(3, 4, 7, 0, 11, 2, 1, 8, 5, 6, 9, 10): [9, 13]
(3, 6, 7, 0, 9, 2, 11, 4, 1, 10, 5, 8): [9, 13]
(1, 4, 5, 0, 7, 2, 11, 8, 9, 6, 3, 10): [9, 13]
(3, 4, 5, 0, 7, 2, 11, 8, 9, 6, 1, 10): [9, 13]
(1, 4, 5, 0, 7, 2, 11, 8, 3, 6, 9, 10): [9, 13]
(3, 6, 7, 0, 1, 2, 9, 4, 5, 10, 11, 8): [9, 13]
(1, 6, 3, 0, 7, 2, 9, 4, 11, 8, 5, 10): [9, 13]
(5, 2, 9, 0, 3, 6, 11, 4, 1, 8, 7, 10): [9, 13]
(1, 4, 5, 0, 11, 2, 3, 8, 9, 6, 7, 10): [9, 13]
(3, 6, 5, 0, 9, 2, 11, 4, 1, 8, 7, 10): [9, 13]
(1, 4, 7, 0, 11, 2, 3, 8, 5, 6, 9, 10): [9, 13]
(1, 6, 3, 0, 9, 2, 11, 4, 7, 8, 5, 10): [9, 13]
(1, 10, 5, 0, 11, 2, 9, 4, 3, 6, 7, 8): [9, 13]
(1, 2, 9, 0, 3, 6, 11, 4, 5, 8, 7, 10): [9, 13]
(1, 10, 3, 0, 9, 2, 11, 4, 5, 6, 7, 8): [9, 13]
(5, 2, 9, 0, 1, 6, 11, 4, 7, 8, 3, 10): [9, 13]
(1, 4, 7, 0, 9, 2, 3, 10, 11, 6, 5, 8): [9, 13]
(3, 10, 11, 0, 9, 2, 1, 4, 5, 6, 7, 8): [9, 13]
(1, 2, 5, 0, 9, 6, 11, 4, 7, 10, 3, 8): [9, 13]
(1, 8, 7, 0, 9, 2, 11, 4, 5, 6, 3, 10): [9, 13]
(3, 4, 5, 0, 11, 2, 1, 8, 9, 6, 7, 10): [9, 13]
(3, 4, 7, 0, 11, 2, 5, 8, 9, 6, 1, 10): [9, 13]
(3, 8, 9, 0, 1, 2, 11, 4, 5, 6, 7, 10): [9, 13]
(3, 10, 11, 0, 1, 2, 9, 4, 5, 6, 7, 8): [9, 13]
(3, 4, 5, 0, 7, 2, 1, 8, 11, 6, 9, 10): [9, 13]
(3, 4, 7, 0, 9, 2, 1, 8, 11, 6, 5, 10): [9, 13]
(5, 8, 9, 0, 3, 2, 1, 4, 11, 6, 7, 10): [9, 13]
(1, 8, 7, 0, 11, 2, 3, 4, 5, 6, 9, 10): [9, 13]
(1, 8, 3, 0, 7, 2, 9, 4, 11, 6, 5, 10): [9, 13]
(1, 4, 7, 0, 11, 2, 5, 8, 3, 6, 9, 10): [9, 13]
(1, 6, 9, 0, 7, 2, 3, 4, 11, 8, 5, 10): [9, 13]
(7, 4, 9, 0, 11, 2, 3, 8, 1, 6, 5, 10): [9, 13]
(1, 2, 5, 0, 9, 6, 7, 4, 3, 10, 11, 8): [9, 13]
(1, 4, 7, 0, 11, 2, 9, 10, 3, 6, 5, 8): [9, 13]
(5, 8, 9, 0, 11, 2, 3, 4, 7, 6, 1, 10): [9, 13]
(5, 8, 1, 0, 9, 2, 3, 4, 11, 6, 7, 10): [9, 13]
(1, 8, 5, 0, 7, 2, 9, 4, 11, 6, 3, 10): [9, 13]
(1, 8, 11, 0, 7, 2, 5, 4, 3, 6, 9, 10): [9, 13]
(3, 4, 11, 0, 7, 2, 5, 8, 1, 6, 9, 10): [9, 13]
(3, 10, 5, 0, 11, 2, 9, 4, 1, 6, 7, 8): [9, 13]
(1, 4, 7, 0, 9, 2, 11, 8, 5, 6, 3, 10): [9, 13]
(3, 4, 5, 0, 7, 2, 11, 8, 1, 6, 9, 10): [9, 13]
(1, 4, 5, 0, 7, 2, 9, 10, 11, 6, 3, 8): [9, 13]
(1, 4, 3, 0, 11, 2, 5, 8, 9, 6, 7, 10): [9, 13]
(3, 8, 5, 0, 9, 2, 11, 4, 7, 6, 1, 10): [9, 13]
(1, 6, 7, 0, 9, 2, 3, 4, 11, 8, 5, 10): [9, 13]
(1, 8, 11, 0, 9, 2, 3, 4, 5, 6, 7, 10): [9, 13]
(1, 4, 3, 0, 7, 2, 9, 10, 11, 6, 5, 8): [9, 13]
(1, 4, 7, 0, 9, 2, 5, 8, 11, 6, 3, 10): [9, 13]
(3, 8, 9, 0, 7, 2, 11, 4, 5, 6, 1, 10): [9, 13]
(1, 6, 5, 0, 9, 2, 3, 4, 11, 8, 7, 10): [9, 13]
(1, 4, 11, 0, 7, 2, 3, 8, 9, 6, 5, 10): [9, 13]
(1, 2, 5, 0, 9, 6, 11, 4, 3, 8, 7, 10): [9, 13]
(1, 10, 3, 0, 11, 2, 9, 4, 5, 6, 7, 8): [9, 13]
(5, 10, 9, 0, 11, 2, 1, 4, 3, 6, 7, 8): [9, 13]
(3, 6, 9, 0, 7, 2, 11, 4, 1, 10, 5, 8): [10, 13]
(1, 10, 11, 0, 9, 2, 3, 4, 5, 6, 7, 8): [10, 13]
(1, 6, 3, 0, 9, 2, 11, 4, 7, 10, 5, 8): [10, 13]
(5, 6, 1, 0, 9, 2, 11, 4, 3, 8, 7, 10): [10, 13]
(1, 8, 5, 0, 3, 2, 9, 4, 11, 6, 7, 10): [10, 13]
(3, 10, 7, 0, 9, 2, 1, 4, 11, 6, 5, 8): [10, 13]
(1, 6, 9, 0, 11, 2, 3, 4, 5, 10, 7, 8): [10, 13]
(1, 10, 7, 0, 9, 2, 11, 4, 5, 6, 3, 8): [10, 13]
(5, 6, 7, 0, 9, 2, 11, 4, 1, 10, 3, 8): [10, 13]
(3, 4, 7, 0, 9, 2, 11, 6, 1, 8, 5, 10): [10, 13]
(1, 10, 3, 0, 5, 2, 9, 4, 11, 6, 7, 8): [10, 13]
(3, 6, 9, 0, 7, 2, 11, 4, 5, 8, 1, 10): [10, 13]
(1, 6, 7, 0, 3, 2, 9, 4, 5, 10, 11, 8): [10, 13]
(1, 4, 7, 0, 9, 2, 5, 6, 11, 8, 3, 10): [10, 13]
(3, 4, 7, 0, 9, 2, 5, 6, 11, 8, 1, 10): [10, 13]
(1, 8, 9, 0, 11, 2, 5, 4, 3, 6, 7, 10): [10, 13]
(7, 4, 9, 0, 11, 2, 3, 8, 5, 6, 1, 10): [10, 13]
(1, 6, 3, 0, 5, 2, 9, 4, 11, 8, 7, 10): [10, 13]
(1, 4, 3, 0, 7, 2, 5, 10, 11, 6, 9, 8): [10, 13]
(1, 6, 9, 0, 3, 2, 11, 4, 7, 8, 5, 10): [10, 13]
(3, 10, 9, 0, 11, 2, 1, 4, 5, 6, 7, 8): [10, 13]
(1, 6, 3, 0, 5, 2, 9, 4, 7, 10, 11, 8): [10, 13]
(3, 4, 5, 0, 7, 2, 9, 10, 11, 6, 1, 8): [10, 13]
(3, 8, 7, 0, 1, 2, 5, 4, 11, 6, 9, 10): [10, 13]
(3, 6, 9, 0, 11, 2, 5, 4, 7, 8, 1, 10): [10, 13]
(5, 6, 7, 0, 1, 2, 9, 4, 11, 8, 3, 10): [10, 13]
(3, 6, 9, 0, 7, 2, 11, 4, 5, 10, 1, 8): [10, 13]
(3, 10, 5, 0, 1, 2, 9, 4, 11, 6, 7, 8): [10, 13]
(1, 6, 9, 0, 11, 2, 5, 4, 7, 8, 3, 10): [10, 13]
(3, 8, 7, 0, 9, 2, 1, 4, 11, 6, 5, 10): [10, 13]
(1, 6, 7, 0, 9, 2, 5, 4, 3, 10, 11, 8): [10, 13]
(1, 8, 5, 0, 11, 2, 9, 4, 7, 6, 3, 10): [10, 13]
(5, 6, 1, 0, 9, 2, 11, 4, 7, 8, 3, 10): [10, 13]
(3, 6, 9, 0, 7, 2, 11, 4, 1, 8, 5, 10): [10, 13]
(5, 6, 9, 0, 3, 2, 11, 4, 7, 8, 1, 10): [10, 13]
(5, 2, 9, 0, 3, 6, 11, 4, 7, 10, 1, 8): [10, 13]
(1, 6, 9, 0, 7, 2, 5, 4, 3, 10, 11, 8): [10, 13]
(5, 6, 9, 0, 3, 2, 11, 4, 1, 8, 7, 10): [10, 13]
(1, 4, 7, 0, 9, 2, 11, 6, 3, 8, 5, 10): [10, 13]
(1, 8, 3, 0, 9, 2, 7, 4, 11, 6, 5, 10): [10, 13]
(1, 10, 11, 0, 5, 2, 3, 4, 9, 6, 7, 8): [10, 13]
(5, 2, 9, 0, 11, 6, 3, 4, 7, 8, 1, 10): [10, 13]
(3, 8, 9, 0, 11, 2, 1, 4, 7, 6, 5, 10): [10, 13]
(1, 6, 5, 0, 3, 2, 9, 4, 7, 10, 11, 8): [10, 13]
(5, 8, 7, 0, 1, 2, 11, 4, 3, 6, 9, 10): [10, 13]
(5, 2, 9, 0, 11, 6, 3, 4, 1, 8, 7, 10): [10, 13]
(5, 4, 7, 0, 9, 2, 11, 6, 1, 8, 3, 10): [10, 13]
(1, 8, 3, 0, 11, 2, 7, 4, 5, 6, 9, 10): [10, 13]
(5, 2, 9, 0, 11, 6, 3, 4, 7, 10, 1, 8): [10, 13]
(7, 4, 9, 0, 11, 2, 5, 8, 1, 6, 3, 10): [10, 13]
(1, 8, 7, 0, 9, 2, 11, 4, 3, 6, 5, 10): [10, 13]
(1, 8, 9, 0, 11, 2, 3, 4, 5, 6, 7, 10): [10, 13]
(1, 8, 5, 0, 11, 2, 3, 4, 7, 6, 9, 10): [9, 14]
(3, 8, 9, 0, 1, 2, 5, 4, 11, 6, 7, 10): [9, 14]
(1, 6, 7, 0, 9, 2, 5, 4, 11, 8, 3, 10): [9, 14]
(1, 8, 3, 0, 9, 2, 5, 4, 11, 6, 7, 10): [9, 14]
(1, 10, 11, 0, 9, 2, 3, 4, 7, 6, 5, 8): [9, 14]
(1, 8, 7, 0, 3, 2, 9, 4, 11, 6, 5, 10): [9, 14]
(1, 4, 11, 0, 7, 2, 9, 8, 3, 6, 5, 10): [9, 14]
(1, 10, 11, 0, 3, 2, 9, 4, 5, 6, 7, 8): [9, 14]
(1, 10, 11, 0, 7, 2, 3, 4, 5, 6, 9, 8): [9, 14]
(1, 8, 5, 0, 9, 2, 11, 4, 7, 6, 3, 10): [9, 14]
(1, 8, 11, 0, 3, 2, 9, 4, 5, 6, 7, 10): [9, 14]
(1, 8, 3, 0, 9, 2, 11, 4, 7, 6, 5, 10): [9, 14]
(1, 10, 11, 0, 9, 2, 5, 4, 3, 6, 7, 8): [9, 14]
(1, 6, 7, 0, 3, 2, 9, 4, 11, 8, 5, 10): [9, 14]
(1, 4, 7, 0, 11, 2, 5, 10, 3, 6, 9, 8): [9, 14]
(3, 8, 9, 0, 1, 2, 11, 4, 7, 6, 5, 10): [9, 14]
(5, 4, 11, 0, 7, 2, 1, 8, 9, 6, 3, 10): [9, 14]
(5, 4, 7, 0, 11, 2, 3, 10, 1, 6, 9, 8): [10, 14]
(1, 10, 5, 0, 11, 2, 7, 4, 3, 6, 9, 8): [10, 14]
(5, 6, 9, 0, 3, 2, 11, 4, 7, 10, 1, 8): [10, 14]
(3, 4, 1, 0, 11, 2, 5, 8, 9, 6, 7, 10): [10, 14]
(3, 4, 1, 0, 7, 2, 11, 8, 9, 6, 5, 10): [10, 14]
(5, 6, 1, 0, 9, 2, 11, 4, 3, 10, 7, 8): [10, 14]
(3, 4, 1, 0, 7, 2, 5, 8, 11, 6, 9, 10): [10, 14]
(3, 4, 1, 0, 7, 2, 11, 8, 5, 6, 9, 10): [10, 14]
(1, 10, 3, 0, 9, 2, 5, 4, 11, 6, 7, 8): [10, 14]
(5, 2, 7, 0, 1, 4, 9, 6, 11, 8, 3, 10): [10, 14]
(3, 10, 11, 0, 9, 2, 1, 4, 7, 6, 5, 8): [10, 14]
(5, 2, 7, 0, 9, 6, 11, 4, 3, 8, 1, 10): [10, 14]
(5, 10, 7, 0, 1, 2, 11, 4, 3, 6, 9, 8): [10, 14]
(7, 6, 9, 0, 3, 2, 11, 4, 5, 10, 1, 8): [10, 14]
(1, 4, 5, 0, 7, 2, 11, 10, 9, 6, 3, 8): [10, 14]
(5, 4, 11, 0, 7, 2, 9, 8, 3, 6, 1, 10): [10, 14]
(3, 4, 5, 0, 7, 2, 9, 6, 11, 8, 1, 10): [10, 14]
(7, 6, 9, 0, 3, 2, 11, 4, 1, 8, 5, 10): [10, 14]
(1, 4, 7, 0, 11, 2, 9, 8, 3, 6, 5, 10): [10, 14]
(1, 2, 5, 0, 9, 6, 7, 4, 11, 8, 3, 10): [10, 14]
(1, 4, 3, 0, 7, 2, 9, 6, 11, 8, 5, 10): [10, 14]
(3, 10, 9, 0, 1, 2, 5, 4, 11, 6, 7, 8): [10, 14]
(1, 4, 11, 0, 3, 2, 5, 8, 9, 6, 7, 10): [10, 14]
(1, 10, 7, 0, 5, 2, 11, 4, 3, 6, 9, 8): [10, 14]
(1, 8, 7, 0, 11, 2, 5, 4, 3, 6, 9, 10): [10, 14]
(1, 6, 7, 0, 9, 2, 3, 4, 11, 10, 5, 8): [10, 14]
(5, 8, 9, 0, 1, 2, 11, 4, 7, 6, 3, 10): [10, 14]
(5, 2, 9, 0, 1, 6, 11, 4, 7, 10, 3, 8): [10, 14]
(1, 8, 11, 0, 9, 2, 3, 4, 7, 6, 5, 10): [10, 14]
(1, 8, 9, 0, 3, 2, 7, 4, 11, 6, 5, 10): [10, 14]
(1, 10, 3, 0, 11, 2, 5, 4, 9, 6, 7, 8): [10, 14]
(1, 10, 7, 0, 9, 2, 11, 4, 3, 6, 5, 8): [10, 14]
(5, 10, 1, 0, 9, 2, 11, 4, 3, 6, 7, 8): [10, 14]
(5, 4, 11, 0, 7, 2, 3, 8, 9, 6, 1, 10): [10, 14]
(3, 10, 7, 0, 1, 2, 11, 4, 5, 6, 9, 8): [10, 14]
(1, 10, 7, 0, 3, 2, 11, 4, 9, 6, 5, 8): [10, 14]
(5, 8, 11, 0, 1, 2, 3, 4, 7, 6, 9, 10): [10, 14]
(3, 6, 1, 0, 9, 2, 11, 4, 7, 8, 5, 10): [10, 14]
(3, 6, 7, 0, 9, 2, 5, 4, 11, 10, 1, 8): [10, 14]
(5, 4, 7, 0, 9, 2, 11, 8, 1, 6, 3, 10): [10, 14]
(5, 4, 11, 0, 7, 2, 1, 8, 3, 6, 9, 10): [10, 14]
(1, 4, 7, 0, 9, 2, 11, 10, 5, 6, 3, 8): [10, 14]
(1, 8, 9, 0, 3, 2, 11, 4, 7, 6, 5, 10): [10, 14]
(1, 10, 5, 0, 3, 2, 9, 4, 11, 6, 7, 8): [10, 14]
(1, 4, 3, 0, 7, 2, 11, 10, 9, 6, 5, 8): [10, 14]
(3, 4, 7, 0, 9, 2, 5, 10, 11, 6, 1, 8): [10, 14]
(1, 8, 9, 0, 5, 2, 11, 4, 7, 6, 3, 10): [10, 14]
(1, 2, 5, 0, 3, 6, 9, 4, 11, 10, 7, 8): [10, 14]
(1, 4, 11, 0, 7, 2, 9, 8, 5, 6, 3, 10): [10, 14]
(1, 10, 5, 0, 7, 2, 3, 4, 11, 6, 9, 8): [10, 14]
(1, 8, 11, 0, 3, 2, 9, 4, 7, 6, 5, 10): [10, 14]
(3, 6, 9, 0, 1, 2, 5, 4, 11, 8, 7, 10): [10, 14]
(3, 4, 1, 0, 7, 2, 9, 10, 11, 6, 5, 8): [10, 14]
(5, 4, 7, 0, 9, 2, 1, 8, 11, 6, 3, 10): [10, 14]
(1, 8, 3, 0, 5, 2, 9, 4, 11, 6, 7, 10): [10, 14]
(3, 8, 5, 0, 1, 2, 11, 4, 7, 6, 9, 10): [10, 14]
(3, 6, 9, 0, 1, 2, 5, 4, 7, 10, 11, 8): [10, 14]
(1, 4, 7, 0, 3, 2, 9, 6, 11, 8, 5, 10): [10, 14]
(1, 6, 9, 0, 11, 2, 5, 4, 7, 10, 3, 8): [10, 14]
(1, 6, 9, 0, 3, 2, 11, 4, 5, 10, 7, 8): [10, 14]
(1, 8, 5, 0, 3, 2, 11, 4, 7, 6, 9, 10): [10, 14]
(3, 6, 9, 0, 1, 2, 5, 4, 11, 10, 7, 8): [10, 14]
(1, 8, 9, 0, 11, 2, 3, 4, 7, 6, 5, 10): [10, 14]
(1, 6, 9, 0, 3, 2, 11, 4, 7, 10, 5, 8): [10, 14]
(1, 6, 3, 0, 9, 2, 5, 4, 7, 10, 11, 8): [10, 14]
(5, 4, 7, 0, 11, 2, 9, 8, 1, 6, 3, 10): [10, 14]
(1, 10, 3, 0, 11, 2, 7, 4, 5, 6, 9, 8): [10, 14]
(1, 6, 3, 0, 9, 2, 5, 4, 11, 8, 7, 10): [10, 14]
(5, 4, 7, 0, 9, 2, 3, 6, 11, 8, 1, 10): [10, 14]
(3, 4, 7, 0, 11, 2, 1, 10, 5, 6, 9, 8): [10, 14]
(3, 8, 1, 0, 7, 2, 9, 4, 11, 6, 5, 10): [10, 14]
(1, 6, 5, 0, 7, 2, 9, 4, 11, 10, 3, 8): [10, 14]
(5, 6, 9, 0, 3, 2, 11, 4, 1, 10, 7, 8): [10, 14]
(1, 8, 3, 0, 5, 2, 11, 4, 7, 6, 9, 10): [10, 14]
(1, 2, 5, 0, 9, 6, 3, 4, 11, 8, 7, 10): [10, 14]
(1, 10, 9, 0, 3, 2, 11, 4, 5, 6, 7, 8): [10, 14]
(1, 10, 9, 0, 11, 2, 5, 4, 3, 6, 7, 8): [10, 14]
(3, 10, 9, 0, 1, 2, 11, 4, 7, 6, 5, 8): [10, 14]
(1, 6, 9, 0, 11, 2, 5, 4, 3, 8, 7, 10): [10, 14]
(3, 6, 7, 0, 9, 2, 5, 4, 1, 10, 11, 8): [10, 14]
(1, 8, 9, 0, 7, 2, 5, 4, 11, 6, 3, 10): [10, 14]
(1, 4, 7, 0, 3, 2, 11, 8, 9, 6, 5, 10): [10, 14]
(5, 6, 7, 0, 1, 2, 9, 4, 11, 10, 3, 8): [10, 14]
(1, 8, 11, 0, 9, 2, 5, 4, 3, 6, 7, 10): [10, 14]
(1, 10, 9, 0, 11, 2, 3, 4, 7, 6, 5, 8): [10, 14]
(5, 4, 7, 0, 11, 2, 3, 8, 1, 6, 9, 10): [10, 14]
(1, 6, 7, 0, 5, 2, 9, 4, 11, 10, 3, 8): [10, 14]
(1, 2, 9, 0, 3, 6, 11, 4, 7, 8, 5, 10): [10, 14]
(3, 6, 9, 0, 11, 2, 5, 4, 1, 8, 7, 10): [10, 14]
(5, 2, 7, 0, 9, 4, 11, 6, 1, 8, 3, 10): [10, 14]
(1, 4, 7, 0, 11, 2, 3, 10, 5, 6, 9, 8): [10, 14]
(3, 8, 1, 0, 9, 2, 11, 4, 7, 6, 5, 10): [10, 14]
(3, 6, 7, 0, 9, 2, 5, 4, 11, 8, 1, 10): [10, 14]
(1, 6, 9, 0, 3, 2, 11, 4, 5, 8, 7, 10): [10, 14]
(1, 10, 3, 0, 7, 2, 11, 4, 5, 6, 9, 8): [10, 14]
(7, 8, 9, 0, 1, 2, 3, 4, 11, 6, 5, 10): [10, 14]
(1, 10, 11, 0, 3, 2, 7, 4, 5, 6, 9, 8): [10, 14]
(5, 4, 7, 0, 9, 2, 3, 8, 11, 6, 1, 10): [10, 14]
(1, 4, 5, 0, 7, 2, 9, 6, 11, 8, 3, 10): [10, 14]
(3, 8, 1, 0, 9, 2, 5, 4, 11, 6, 7, 10): [10, 14]
(1, 2, 5, 0, 9, 6, 11, 4, 7, 8, 3, 10): [10, 14]
(1, 4, 7, 0, 3, 2, 11, 8, 5, 6, 9, 10): [10, 14]
(1, 4, 7, 0, 9, 2, 5, 10, 11, 6, 3, 8): [10, 14]
(5, 4, 7, 0, 9, 2, 11, 6, 3, 8, 1, 10): [10, 14]
(1, 2, 9, 0, 5, 6, 11, 4, 7, 8, 3, 10): [10, 14]
(5, 4, 7, 0, 11, 2, 1, 8, 9, 6, 3, 10): [10, 14]
(5, 4, 7, 0, 9, 2, 1, 6, 11, 8, 3, 10): [10, 14]
(1, 6, 9, 0, 11, 2, 5, 4, 3, 10, 7, 8): [10, 14]
(3, 4, 1, 0, 7, 2, 9, 6, 11, 8, 5, 10): [10, 14]
(1, 8, 9, 0, 3, 2, 11, 4, 5, 6, 7, 10): [10, 14]
(1, 10, 7, 0, 11, 2, 3, 4, 5, 6, 9, 8): [10, 14]
(1, 8, 7, 0, 3, 2, 11, 4, 5, 6, 9, 10): [10, 14]
(3, 10, 11, 0, 9, 2, 5, 4, 1, 6, 7, 8): [10, 14]
(5, 4, 11, 0, 7, 2, 3, 8, 1, 6, 9, 10): [10, 14]
(5, 6, 1, 0, 9, 2, 11, 4, 7, 10, 3, 8): [10, 14]
(3, 2, 5, 0, 9, 6, 11, 4, 1, 8, 7, 10): [10, 15]
(1, 4, 5, 0, 11, 2, 3, 8, 7, 6, 9, 10): [10, 15]
(3, 6, 1, 0, 9, 2, 11, 4, 7, 10, 5, 8): [10, 15]
(3, 10, 1, 0, 9, 2, 5, 4, 11, 6, 7, 8): [10, 15]
(1, 4, 5, 0, 7, 2, 9, 8, 11, 6, 3, 10): [10, 15]
(1, 4, 11, 0, 3, 2, 5, 8, 7, 6, 9, 10): [10, 15]
(1, 8, 9, 0, 11, 2, 5, 4, 7, 6, 3, 10): [10, 15]
(1, 4, 7, 0, 11, 2, 9, 8, 5, 6, 3, 10): [10, 15]
(1, 6, 7, 0, 3, 2, 9, 4, 11, 10, 5, 8): [10, 15]
(1, 6, 3, 0, 5, 2, 9, 4, 11, 10, 7, 8): [10, 15]
(7, 4, 9, 0, 11, 2, 1, 10, 5, 6, 3, 8): [10, 15]
(3, 2, 5, 0, 1, 6, 9, 4, 11, 8, 7, 10): [10, 15]
(3, 2, 9, 0, 1, 6, 11, 4, 5, 8, 7, 10): [10, 15]
(3, 10, 7, 0, 9, 2, 11, 4, 1, 6, 5, 8): [10, 15]
(1, 8, 9, 0, 3, 2, 5, 4, 11, 6, 7, 10): [10, 15]
(3, 4, 5, 0, 11, 2, 1, 8, 7, 6, 9, 10): [10, 15]
(1, 6, 7, 0, 9, 2, 5, 4, 11, 10, 3, 8): [10, 15]
(1, 10, 11, 0, 7, 2, 5, 4, 3, 6, 9, 8): [10, 15]
(1, 10, 9, 0, 3, 2, 5, 4, 11, 6, 7, 8): [10, 15]
(5, 4, 7, 0, 9, 2, 11, 8, 3, 6, 1, 10): [10, 15]
(5, 4, 7, 0, 11, 2, 1, 8, 3, 6, 9, 10): [10, 15]
(3, 10, 1, 0, 7, 2, 11, 4, 5, 6, 9, 8): [10, 15]
(1, 4, 7, 0, 3, 2, 9, 8, 11, 6, 5, 10): [10, 15]
(3, 6, 5, 0, 1, 2, 9, 4, 11, 10, 7, 8): [10, 15]
(3, 8, 11, 0, 1, 2, 5, 4, 7, 6, 9, 10): [10, 15]
(1, 10, 5, 0, 11, 2, 3, 4, 7, 6, 9, 8): [10, 15]
(3, 4, 5, 0, 7, 2, 9, 8, 11, 6, 1, 10): [10, 15]
(1, 4, 7, 0, 3, 2, 9, 10, 11, 6, 5, 8): [10, 15]
(3, 8, 9, 0, 11, 2, 5, 4, 7, 6, 1, 10): [10, 15]
(1, 10, 11, 0, 3, 2, 9, 4, 7, 6, 5, 8): [10, 15]
(1, 10, 11, 0, 9, 2, 5, 4, 7, 6, 3, 8): [10, 16]
(5, 4, 1, 0, 7, 2, 11, 8, 3, 6, 9, 10): [10, 16]
