(7, 4, 11, 0, 13, 2, 3, 10, 15, 6, 5, 8, 1, 12, 9, 14) : [8, 43, 43, 17, (12, 9)]
(5, 14, 9, 0, 1, 2, 15, 4, 13, 6, 7, 8, 3, 10, 11, 12) : [8, 43, 43, 17, (12, 9)]
(1, 6, 9, 0, 5, 2, 13, 4, 7, 10, 3, 8, 11, 14, 15, 12) : [8, 42, 43, 17, (12, 9)]
(1, 6, 9, 0, 5, 2, 11, 4, 7, 10, 13, 8, 3, 14, 15, 12) : [8, 43, 42, 17, (12, 9)]
(3, 10, 9, 0, 13, 2, 1, 4, 5, 6, 15, 8, 11, 12, 7, 14) : [8, 42, 42, 17, (12, 9)]
(3, 10, 9, 0, 13, 2, 1, 4, 15, 6, 7, 8, 11, 12, 5, 14) : [8, 42, 42, 17, (12, 9)]
(3, 8, 7, 0, 15, 2, 1, 4, 11, 6, 5, 12, 13, 10, 9, 14) : [8, 42, 42, 17, (12, 9)]
(1, 4, 13, 0, 7, 2, 9, 10, 3, 6, 15, 8, 11, 12, 5, 14) : [8, 44, 44, 16, (12, 10)]
(1, 4, 7, 0, 11, 2, 5, 8, 13, 6, 15, 12, 3, 10, 9, 14) : [8, 42, 43, 16, (12, 10)]
(1, 4, 7, 0, 11, 2, 5, 8, 15, 6, 9, 12, 3, 10, 13, 14) : [8, 43, 42, 16, (12, 10)]
(3, 8, 11, 0, 9, 2, 13, 4, 15, 6, 1, 12, 7, 10, 5, 14) : [8, 42, 42, 16, (12, 10)]
(7, 4, 11, 0, 9, 2, 3, 10, 13, 6, 15, 8, 1, 12, 5, 14) : [8, 43, 44, 17, (12, 10)]
(7, 4, 11, 0, 9, 2, 5, 10, 13, 6, 15, 8, 3, 12, 1, 14) : [8, 44, 43, 17, (12, 10)]
(1, 6, 7, 0, 9, 2, 13, 4, 15, 12, 5, 8, 3, 10, 11, 14) : [8, 43, 43, 17, (12, 10)]
(1, 10, 7, 0, 13, 2, 11, 4, 5, 6, 3, 8, 9, 14, 15, 12) : [8, 43, 43, 17, (12, 10)]
(3, 8, 7, 0, 11, 2, 9, 4, 15, 6, 5, 14, 13, 10, 1, 12) : [8, 42, 43, 17, (12, 10)]
(3, 6, 7, 0, 9, 2, 13, 4, 1, 10, 5, 8, 11, 14, 15, 12) : [8, 43, 42, 17, (12, 10)]
(1, 12, 11, 0, 9, 2, 3, 4, 13, 6, 15, 8, 7, 10, 5, 14) : [8, 43, 42, 17, (12, 10)]
(1, 14, 9, 0, 5, 2, 15, 4, 13, 6, 11, 8, 7, 10, 3, 12) : [8, 43, 42, 17, (12, 10)]
(5, 10, 11, 0, 9, 2, 3, 4, 13, 6, 7, 8, 1, 14, 15, 12) : [8, 42, 42, 17, (12, 10)]
(1, 10, 7, 0, 5, 2, 13, 4, 9, 6, 15, 8, 11, 14, 3, 12) : [8, 42, 42, 17, (12, 10)]
(9, 6, 13, 0, 11, 2, 15, 4, 3, 12, 1, 8, 5, 10, 7, 14) : [8, 42, 42, 17, (12, 10)]
(1, 6, 9, 0, 5, 2, 11, 4, 7, 14, 15, 8, 13, 10, 3, 12) : [8, 42, 42, 17, (12, 10)]
(7, 4, 11, 0, 9, 2, 1, 10, 13, 6, 15, 8, 5, 12, 3, 14) : [8, 42, 42, 17, (12, 10)]
(1, 6, 7, 0, 9, 2, 13, 4, 3, 14, 11, 8, 5, 10, 15, 12) : [8, 42, 42, 17, (12, 10)]
(1, 4, 7, 0, 11, 2, 3, 10, 9, 6, 13, 8, 5, 14, 15, 12) : [8, 42, 42, 17, (12, 10)]
(1, 12, 9, 0, 5, 2, 15, 4, 11, 6, 3, 8, 7, 10, 13, 14) : [8, 44, 44, 16, (12, 11)]
(3, 12, 9, 0, 15, 2, 13, 4, 5, 6, 1, 8, 7, 10, 11, 14) : [8, 42, 42, 16, (12, 11)]
(1, 10, 13, 0, 9, 2, 3, 4, 15, 6, 7, 8, 5, 12, 11, 14) : [8, 44, 44, 17, (12, 11)]
(7, 4, 11, 0, 15, 2, 3, 8, 13, 6, 9, 12, 1, 10, 5, 14) : [8, 43, 43, 17, (12, 11)]
(1, 14, 11, 0, 9, 2, 15, 4, 13, 6, 7, 8, 5, 10, 3, 12) : [8, 43, 43, 17, (12, 11)]
(5, 6, 9, 0, 13, 2, 11, 4, 15, 12, 1, 8, 7, 10, 3, 14) : [8, 43, 43, 17, (12, 11)]
(3, 10, 11, 0, 13, 2, 9, 4, 15, 6, 7, 8, 1, 14, 5, 12) : [8, 43, 43, 17, (12, 11)]
(3, 14, 13, 0, 1, 2, 9, 4, 5, 6, 15, 8, 7, 10, 11, 12) : [8, 43, 43, 17, (12, 11)]
(7, 4, 11, 0, 13, 2, 3, 10, 1, 6, 15, 8, 9, 14, 5, 12) : [8, 43, 43, 17, (12, 11)]
(1, 6, 9, 0, 5, 2, 13, 4, 7, 10, 15, 8, 11, 14, 3, 12) : [8, 43, 43, 17, (12, 11)]
(1, 12, 9, 0, 13, 2, 15, 4, 11, 6, 3, 8, 7, 10, 5, 14) : [8, 42, 43, 17, (12, 11)]
(1, 8, 11, 0, 15, 2, 13, 4, 5, 6, 9, 12, 3, 10, 7, 14) : [8, 42, 43, 17, (12, 11)]
(3, 12, 13, 0, 9, 2, 1, 4, 5, 6, 15, 8, 7, 10, 11, 14) : [8, 42, 43, 17, (12, 11)]
(3, 8, 7, 0, 15, 2, 9, 4, 11, 6, 1, 12, 5, 10, 13, 14) : [8, 43, 42, 17, (12, 11)]
(1, 8, 11, 0, 15, 2, 3, 4, 13, 6, 9, 12, 5, 10, 7, 14) : [8, 43, 42, 17, (12, 11)]
(1, 6, 7, 0, 9, 2, 13, 4, 11, 12, 3, 8, 15, 10, 5, 14) : [8, 43, 42, 17, (12, 11)]
(3, 12, 11, 0, 1, 2, 15, 4, 13, 6, 5, 8, 9, 10, 7, 14) : [8, 43, 42, 17, (12, 11)]
(1, 4, 7, 0, 13, 2, 15, 10, 5, 6, 11, 8, 9, 14, 3, 12) : [8, 42, 42, 17, (12, 11)]
(5, 8, 9, 0, 11, 2, 3, 4, 15, 6, 1, 12, 13, 10, 7, 14) : [8, 42, 42, 17, (12, 11)]
(3, 8, 11, 0, 9, 2, 15, 4, 13, 6, 5, 12, 1, 10, 7, 14) : [8, 42, 42, 17, (12, 11)]
(7, 4, 11, 0, 15, 2, 5, 8, 9, 6, 3, 12, 13, 10, 1, 14) : [8, 42, 42, 17, (12, 11)]
(3, 4, 7, 0, 13, 2, 1, 10, 11, 6, 15, 8, 5, 14, 9, 12) : [8, 42, 42, 17, (12, 11)]
(3, 12, 11, 0, 1, 2, 15, 4, 5, 6, 13, 8, 9, 10, 7, 14) : [8, 42, 42, 17, (12, 11)]
(3, 10, 9, 0, 1, 2, 13, 4, 11, 6, 7, 8, 5, 14, 15, 12) : [8, 42, 42, 17, (12, 11)]
(3, 12, 9, 0, 11, 2, 15, 4, 5, 6, 1, 8, 7, 10, 13, 14) : [8, 42, 42, 17, (12, 11)]
(5, 8, 11, 0, 1, 2, 13, 4, 15, 6, 7, 10, 9, 12, 3, 14) : [8, 42, 42, 17, (12, 11)]
(1, 14, 9, 0, 13, 2, 11, 4, 3, 6, 15, 8, 7, 10, 5, 12) : [8, 42, 42, 17, (12, 11)]
(5, 6, 9, 0, 13, 2, 15, 4, 1, 12, 11, 8, 3, 10, 7, 14) : [8, 42, 42, 17, (12, 11)]
(1, 10, 13, 0, 7, 2, 11, 4, 3, 6, 15, 8, 5, 14, 9, 12) : [8, 42, 42, 16, (12, 12)]
(5, 8, 11, 0, 1, 2, 13, 4, 15, 6, 9, 12, 3, 10, 7, 14) : [8, 42, 42, 16, (12, 12)]
(1, 6, 7, 0, 9, 2, 13, 4, 3, 12, 11, 8, 15, 10, 5, 14) : [8, 42, 42, 16, (12, 12)]
(1, 6, 7, 0, 15, 2, 9, 4, 5, 12, 3, 8, 13, 10, 11, 14) : [8, 42, 42, 16, (12, 12)]
(1, 10, 7, 0, 13, 2, 9, 4, 15, 6, 5, 8, 3, 14, 11, 12) : [8, 42, 42, 16, (12, 12)]
(1, 10, 11, 0, 9, 2, 13, 4, 5, 6, 15, 8, 3, 14, 7, 12) : [8, 42, 42, 16, (12, 12)]
(1, 10, 13, 0, 11, 2, 15, 4, 3, 6, 7, 8, 9, 12, 5, 14) : [8, 42, 42, 16, (12, 12)]
(1, 12, 11, 0, 9, 2, 7, 4, 15, 6, 5, 8, 3, 10, 13, 14) : [8, 44, 44, 17, (12, 12)]
(1, 10, 11, 0, 9, 2, 13, 4, 5, 6, 15, 8, 7, 14, 3, 12) : [8, 44, 44, 17, (12, 12)]
(7, 4, 11, 0, 15, 2, 1, 8, 13, 6, 9, 12, 5, 10, 3, 14) : [8, 44, 44, 17, (12, 12)]
(1, 14, 7, 0, 15, 2, 13, 4, 5, 6, 11, 8, 3, 10, 9, 12) : [8, 43, 44, 17, (12, 12)]
(1, 14, 13, 0, 9, 2, 3, 4, 15, 6, 11, 8, 7, 10, 5, 12) : [8, 44, 43, 17, (12, 12)]
(5, 10, 11, 0, 13, 2, 15, 4, 3, 6, 7, 8, 9, 12, 1, 14) : [8, 43, 43, 17, (12, 12)]
(5, 10, 9, 0, 13, 2, 3, 4, 15, 6, 7, 8, 11, 12, 1, 14) : [8, 43, 43, 17, (12, 12)]
(5, 10, 9, 0, 1, 2, 11, 4, 3, 6, 13, 8, 7, 14, 15, 12) : [8, 43, 43, 17, (12, 12)]
(5, 8, 11, 0, 13, 2, 3, 4, 15, 6, 9, 10, 7, 12, 1, 14) : [8, 42, 43, 17, (12, 12)]
(1, 14, 9, 0, 15, 2, 13, 4, 5, 6, 11, 8, 7, 10, 3, 12) : [8, 42, 43, 17, (12, 12)]
(5, 8, 9, 0, 11, 2, 13, 4, 15, 6, 7, 10, 3, 12, 1, 14) : [8, 43, 42, 17, (12, 12)]
(1, 12, 9, 0, 13, 2, 11, 4, 15, 6, 7, 8, 3, 10, 5, 14) : [8, 43, 42, 17, (12, 12)]
(1, 14, 9, 0, 15, 2, 3, 4, 13, 6, 11, 8, 7, 10, 5, 12) : [8, 43, 42, 17, (12, 12)]
(5, 8, 11, 0, 9, 2, 13, 4, 15, 6, 7, 10, 3, 12, 1, 14) : [8, 42, 42, 17, (12, 12)]
(3, 12, 11, 0, 9, 2, 1, 4, 13, 6, 15, 8, 5, 10, 7, 14) : [8, 42, 42, 17, (12, 12)]
(5, 6, 9, 0, 13, 2, 11, 4, 3, 10, 7, 8, 1, 14, 15, 12) : [8, 42, 42, 17, (12, 12)]
(5, 8, 9, 0, 11, 2, 3, 4, 15, 6, 7, 12, 1, 10, 13, 14) : [8, 42, 42, 17, (12, 12)]
(7, 8, 11, 0, 1, 2, 13, 4, 15, 6, 9, 10, 5, 12, 3, 14) : [8, 42, 42, 17, (12, 12)]
(5, 8, 9, 0, 11, 2, 3, 4, 13, 6, 15, 12, 1, 10, 7, 14) : [8, 42, 42, 17, (12, 12)]
(1, 12, 9, 0, 5, 2, 15, 4, 11, 6, 7, 8, 3, 10, 13, 14) : [8, 42, 42, 17, (12, 12)]
(5, 8, 9, 0, 15, 2, 3, 4, 11, 6, 7, 12, 13, 10, 1, 14) : [8, 42, 42, 17, (12, 12)]
(1, 10, 7, 0, 11, 2, 13, 4, 3, 6, 15, 8, 9, 14, 5, 12) : [8, 42, 42, 17, (12, 12)]
(5, 6, 9, 0, 13, 2, 11, 4, 3, 12, 1, 8, 15, 10, 7, 14) : [8, 42, 42, 17, (12, 12)]
(1, 10, 9, 0, 13, 2, 11, 4, 15, 6, 5, 8, 7, 14, 3, 12) : [8, 42, 42, 17, (12, 12)]
(1, 6, 15, 0, 9, 2, 13, 4, 11, 12, 5, 8, 3, 10, 7, 14) : [8, 42, 42, 16, (12, 13)]
(1, 4, 13, 0, 7, 2, 9, 10, 3, 6, 15, 8, 5, 14, 11, 12) : [8, 42, 42, 16, (12, 13)]
(9, 6, 13, 0, 11, 2, 15, 4, 5, 12, 3, 8, 7, 10, 1, 14) : [8, 43, 43, 17, (12, 13)]
(5, 8, 11, 0, 1, 2, 13, 4, 15, 6, 7, 10, 3, 12, 9, 14) : [8, 42, 43, 17, (12, 13)]
(1, 10, 13, 0, 7, 2, 11, 4, 3, 6, 15, 8, 9, 14, 5, 12) : [8, 42, 43, 17, (12, 13)]
(1, 12, 11, 0, 15, 2, 13, 4, 3, 6, 7, 8, 5, 10, 9, 14) : [8, 42, 43, 17, (12, 13)]
(1, 10, 7, 0, 13, 2, 9, 4, 15, 6, 5, 8, 11, 14, 3, 12) : [8, 43, 42, 17, (12, 13)]
(1, 12, 9, 0, 13, 2, 15, 4, 5, 6, 3, 8, 7, 10, 11, 14) : [8, 43, 42, 17, (12, 13)]
(5, 8, 11, 0, 1, 2, 13, 4, 15, 6, 9, 10, 7, 12, 3, 14) : [8, 43, 42, 17, (12, 13)]
(1, 12, 15, 0, 13, 2, 11, 4, 5, 6, 3, 8, 7, 10, 9, 14) : [8, 42, 42, 17, (12, 13)]
(1, 6, 9, 0, 15, 2, 13, 4, 11, 12, 7, 8, 3, 10, 5, 14) : [8, 42, 42, 17, (12, 13)]
(1, 6, 7, 0, 9, 2, 13, 4, 3, 12, 15, 8, 5, 10, 11, 14) : [8, 42, 42, 17, (12, 13)]
(1, 12, 11, 0, 9, 2, 15, 4, 3, 6, 7, 8, 5, 10, 13, 14) : [8, 42, 42, 17, (12, 13)]
(5, 8, 9, 0, 11, 2, 13, 4, 15, 6, 1, 10, 3, 12, 7, 14) : [8, 42, 42, 17, (12, 13)]
(5, 6, 9, 0, 13, 2, 15, 4, 11, 12, 3, 8, 1, 10, 7, 14) : [8, 42, 42, 17, (12, 13)]
(5, 8, 11, 0, 1, 2, 13, 4, 15, 6, 3, 12, 9, 10, 7, 14) : [8, 42, 42, 17, (12, 13)]
(3, 10, 9, 0, 13, 2, 15, 4, 1, 6, 7, 8, 5, 12, 11, 14) : [8, 42, 42, 17, (12, 13)]
(5, 8, 11, 0, 13, 2, 3, 4, 15, 6, 9, 10, 1, 12, 7, 14) : [8, 42, 42, 17, (12, 13)]
(9, 6, 13, 0, 11, 2, 15, 4, 3, 10, 7, 8, 1, 12, 5, 14) : [8, 44, 44, 15, (12, 14)]
(1, 6, 7, 0, 9, 2, 15, 4, 5, 14, 3, 8, 13, 10, 11, 12) : [8, 44, 44, 15, (12, 14)]
(5, 8, 9, 0, 11, 2, 1, 4, 15, 6, 7, 14, 13, 10, 3, 12) : [8, 43, 43, 17, (13, 14)]
(3, 4, 7, 0, 11, 2, 13, 8, 15, 6, 1, 12, 9, 10, 5, 14) : [8, 42, 43, 17, (13, 14)]
(1, 4, 13, 0, 7, 2, 15, 10, 3, 6, 11, 8, 5, 14, 9, 12) : [8, 42, 42, 17, (13, 14)]
(5, 10, 9, 0, 13, 2, 11, 4, 3, 6, 15, 8, 1, 12, 7, 14) : [8, 42, 42, 17, (13, 14)]
(1, 6, 13, 0, 15, 2, 9, 4, 3, 10, 11, 8, 7, 12, 5, 14) : [8, 42, 42, 17, (13, 14)]
(1, 14, 7, 0, 11, 2, 9, 4, 15, 6, 3, 8, 13, 10, 5, 12) : [8, 42, 42, 17, (13, 14)]
(1, 6, 7, 0, 9, 2, 13, 4, 5, 10, 15, 8, 11, 14, 3, 12) : [8, 42, 42, 17, (13, 14)]
(1, 12, 11, 0, 9, 2, 13, 4, 15, 6, 3, 8, 7, 10, 5, 14) : [8, 43, 42, 16, (13, 15)]
(3, 6, 9, 0, 15, 2, 13, 4, 5, 12, 1, 8, 7, 10, 11, 14) : [8, 42, 43, 17, (13, 15)]
(5, 6, 13, 0, 9, 2, 15, 4, 3, 10, 7, 8, 11, 12, 1, 14) : [8, 42, 43, 17, (13, 15)]
(1, 14, 7, 0, 13, 2, 3, 4, 11, 6, 15, 8, 5, 10, 9, 12) : [8, 43, 42, 17, (13, 15)]
(5, 6, 9, 0, 13, 2, 11, 4, 1, 10, 15, 8, 7, 12, 3, 14) : [8, 43, 42, 17, (13, 15)]
(1, 6, 9, 0, 13, 2, 3, 4, 7, 10, 15, 8, 5, 12, 11, 14) : [8, 42, 42, 17, (13, 15)]
(3, 8, 7, 0, 11, 2, 9, 4, 15, 6, 13, 14, 5, 10, 1, 12) : [8, 42, 42, 17, (13, 15)]
(1, 4, 7, 0, 11, 2, 9, 10, 13, 6, 3, 8, 5, 14, 15, 12) : [8, 42, 42, 17, (13, 15)]
(3, 10, 7, 0, 11, 2, 13, 4, 1, 6, 5, 8, 9, 14, 15, 12) : [8, 42, 42, 17, (13, 15)]
