(1, 4, 5, 0, 7, 2, 3, 6): [6, 10]
(5, 2, 7, 0, 1, 4, 3, 6): [6, 10]
(1, 2, 5, 0, 3, 6, 7, 4): [6, 10]
(3, 4, 5, 0, 7, 2, 1, 6): [7, 10]
(1, 4, 3, 0, 7, 2, 5, 6): [7, 10]
(1, 6, 7, 0, 5, 2, 3, 4): [7, 10]
(5, 2, 7, 0, 3, 4, 1, 6): [7, 10]
(1, 6, 5, 0, 7, 2, 3, 4): [7, 11]
(1, 2, 5, 0, 7, 4, 3, 6): [7, 11]
(5, 6, 7, 0, 1, 2, 3, 4): [8, 11]
(3, 0, 5, 2, 7, 4, 1, 6): [8, 11]
(5, 2, 7, 0, 3, 6, 1, 4): [8, 11]
(1, 6, 3, 0, 5, 2, 7, 4): [8, 11]
(3, 4, 1, 0, 7, 2, 5, 6): [8, 11]
(1, 2, 5, 0, 7, 6, 3, 4): [8, 12]
(1, 4, 7, 0, 3, 2, 5, 6): [8, 12]
