#shi, 8-branch [df, ds, idc, zlc, dc, lc]
(7,6,5,3,4,1,2,0),
(7,2,4,1,3,6,0,5),
(6,4,7,5,2,0,3,1),
(5,7,4,6,1,3,0,2),
(5,1,3,7,4,0,2,6),
(4,6,2,7,3,5,1,0),
(4,2,5,3,0,6,1,7),
(4,1,3,6,0,5,7,2),
(3,6,4,1,7,2,0,5),
(3,2,6,0,4,1,5,7),
(2,4,7,1,6,0,3,5),
(1,5,2,6,0,4,3,7),
(1,3,0,2,5,7,4,6),
(0,6,5,4,3,1,2,7),
(0,5,1,3,7,6,2,4),
(0,2,5,7,4,6,1,3),
(7,6,2,4,0,5,1,3),
(7,2,0,5,3,6,4,1),
(6,3,5,0,2,7,1,4),
(5,4,3,2,0,1,6,7),
(5,1,6,2,4,0,7,3),
(4,6,1,3,0,2,5,7),
(4,2,1,0,7,5,6,3),
(4,1,2,0,7,6,5,3),
(3,6,0,5,7,2,4,1),
(3,2,1,7,0,5,6,4),
(2,7,5,0,6,3,1,4),
(1,5,7,3,0,4,6,2),
(1,7,4,2,5,3,0,6),
(0,6,1,7,4,2,5,3),
(0,5,7,2,4,1,3,6),
(0,2,6,3,7,1,5,4),
(7,5,6,3,4,2,1,0),
(7,1,5,4,0,2,6,3),
(6,3,1,4,2,7,5,0),
(5,4,2,3,0,1,7,6),
(5,0,2,7,1,4,6,3),
(4,5,3,2,1,0,6,7),
(4,1,5,7,3,2,6,0),
(4,0,7,3,5,1,6,2),
(3,5,2,4,7,1,6,0),
(3,1,2,7,0,6,5,4),
(2,7,1,4,6,3,5,0),
(1,4,6,3,5,0,2,7),
(1,0,7,6,4,5,2,3),
(0,5,6,4,3,2,1,7),
(0,4,6,2,1,5,7,3),
(0,1,6,7,5,4,3,2),
(7,5,2,0,3,1,6,4),
(7,1,6,0,3,5,2,4),
(6,0,3,5,2,4,7,1),
(5,3,0,6,1,7,4,2),
(5,0,6,3,1,4,2,7),
(4,5,2,3,1,0,7,6),
(4,1,7,2,0,5,3,6),
(4,0,2,6,5,1,3,7),
(3,5,1,0,4,6,2,7),
(3,1,6,4,7,5,2,0),
(2,0,3,1,6,4,7,5),
(1,4,2,7,5,0,6,3),
(1,0,6,7,4,5,3,2),
(0,5,3,6,4,1,7,2),
(0,4,3,7,1,5,2,6),
(0,1,7,6,5,4,2,3)

#shi 16-branch (12 in 1 equivalence)
(7, 2, 13, 4, 15, 6, 1, 8, 5, 10, 3, 0, 11, 12, 9, 14): [8, 13, 15, 15, 41, 41, 16],
(9, 2, 7, 4, 11, 6, 13, 8, 15, 10, 5, 0, 3, 12, 1, 14): [8, 13, 15, 15, 41, 41, 16],
(5, 2, 9, 4, 15, 6, 13, 8, 3, 10, 7, 0, 11, 12, 1, 14): [8, 13, 15, 15, 41, 41, 16],
(13, 2, 15, 4, 11, 6, 3, 8, 1, 10, 5, 0, 9, 12, 7, 14): [8, 13, 15, 15, 41, 41, 16],
(5, 2, 9, 4, 13, 6, 15, 8, 3, 10, 7, 0, 1, 12, 11, 14): [8, 13, 15, 15, 41, 41, 16],
(13, 2, 9, 4, 1, 6, 11, 8, 3, 10, 15, 0, 5, 12, 7, 14): [8, 13, 15, 15, 41, 41, 16],
(15, 2, 9, 4, 1, 6, 11, 8, 3, 10, 13, 0, 7, 12, 5, 14): [8, 13, 15, 15, 41, 41, 16],
(7, 2, 15, 4, 13, 6, 1, 8, 5, 10, 3, 0, 9, 12, 11, 14): [8, 13, 15, 15, 41, 41, 16],
(15, 2, 13, 4, 11, 6, 3, 8, 1, 10, 5, 0, 7, 12, 9, 14): [8, 13, 15, 15, 41, 41, 16],
(7, 2, 11, 4, 9, 6, 1, 8, 13, 10, 15, 0, 5, 12, 3, 14): [8, 13, 15, 15, 41, 41, 16],
(7, 2, 11, 4, 9, 6, 1, 8, 15, 10, 13, 0, 3, 12, 5, 14): [8, 13, 15, 15, 41, 41, 16],
(9, 2, 7, 4, 11, 6, 15, 8, 13, 10, 5, 0, 1, 12, 3, 14): [8, 13, 15, 15, 41, 41, 16]

# twine
(5, 0, 1, 4, 7, 12, 3, 8, 13, 6, 9, 2, 15, 10, 11, 14)
# lblock
(15, 4, 3, 0, 13, 6, 1, 2, 7, 12, 11, 8, 5, 14, 9, 10)

#test branch
(9, 6, 13, 0, 11, 2, 15, 4, 3, 10, 7, 8, 1, 12, 5, 14): [8, 13, 15, 15, 44, 44],
(1, 6, 9, 0, 13, 2, 3, 4, 7, 12, 5, 8, 15, 10, 11, 14): [9, 13, 17, 17, 43, 43],
(5, 6, 9, 0, 13, 2, 11, 4, 3, 10, 7, 8, 1, 14, 15, 12): [10, 13, 17, 17, 42, 42]